4 0.0595703125 0.7001953125 0.107421875 0.353515625
4 0.109375 0.70703125 0.181640625 0.341796875
4 0.177734375 0.712890625 0.181640625 0.349609375
4 0.244140625 0.7060546875 0.1689453125 0.3330078125
4 0.318359375 0.7177734375 0.15625 0.298828125
4 0.400390625 0.724609375 0.1689453125 0.310546875
4 0.4609375 0.7412109375 0.158203125 0.302734375
4 0.525390625 0.751953125 0.1845703125 0.306640625
4 0.5927734375 0.767578125 0.1669921875 0.3125
4 0.66796875 0.794921875 0.1826171875 0.345703125
4 0.724609375 0.806640625 0.158203125 0.306640625
4 0.7880859375 0.8212890625 0.1689453125 0.3173828125
4 0.857421875 0.8251953125 0.1826171875 0.3046875