2 0.6669921875 0.47265625 0.3203125 0.5029296875
2 0.3388671875 0.404296875 0.189453125 0.228515625
2 0.8212890625 0.361328125 0.193359375 0.2216796875
2 0.654296875 0.845703125 0.2080078125 0.306640625
2 0.236328125 0.802734375 0.2109375 0.388671875
2 0.9580078125 0.662109375 0.083984375 0.2109375
2 0.1220703125 0.146484375 0.232421875 0.29296875
2 0.0712890625 0.80859375 0.142578125 0.3828125
2 0.841796875 0.8291015625 0.1611328125 0.341796875
2 0.4140625 0.84765625 0.1845703125 0.3046875
2 0.130859375 0.412109375 0.248046875 0.4404296875
2 0.94921875 0.8037109375 0.1015625 0.224609375
2 0.361328125 0.611328125 0.251953125 0.3486328125
2 0.6181640625 0.212890625 0.1220703125 0.2373046875
2 0.3505859375 0.1669921875 0.150390625 0.193359375
2 0.443359375 0.169921875 0.1064453125 0.255859375
2 0.865234375 0.072265625 0.1435546875 0.1376953125
2 0.693359375 0.0888671875 0.1611328125 0.177734375
2 0.2666015625 0.111328125 0.134765625 0.22265625
2 0.4873046875 0.23046875 0.166015625 0.4609375
2 0.58984375 0.0712890625 0.123046875 0.119140625
2 0.119140625 0.3203125 0.0546875 0.203125
2 0.099609375 0.6025390625 0.056640625 0.076171875
2 0.0205078125 0.15234375 0.041015625 0.2138671875
2 0.5888671875 0.146484375 0.068359375 0.115234375
2 0.0107421875 0.9072265625 0.0205078125 0.1767578125
2 0.3857421875 0.0390625 0.123046875 0.078125
2 0.173828125 0.38671875 0.1455078125 0.3828125
2 0.6591796875 0.078125 0.09375 0.15625