2 0.478515625 0.376953125 0.580078125 0.685546875
2 0.244140625 0.587890625 0.068359375 0.0576171875
2 0.076171875 0.939453125 0.1201171875 0.1171875
2 0.05859375 0.8427734375 0.1171875 0.1455078125
2 0.19140625 0.880859375 0.091796875 0.1513671875
2 0.0390625 0.740234375 0.0751953125 0.078125
2 0.091796875 0.6552734375 0.0673828125 0.064453125
2 0.1904296875 0.591796875 0.0361328125 0.037109375
2 0.2197265625 0.611328125 0.029296875 0.029296875
2 0.158203125 0.8447265625 0.033203125 0.0654296875
2 0.5654296875 0.78515625 0.140625 0.1669921875
2 0.33203125 0.798828125 0.171875 0.216796875
2 0.40625 0.845703125 0.166015625 0.271484375
2 0.369140625 0.7421875 0.0888671875 0.115234375
2 0.177734375 0.8056640625 0.087890625 0.052734375
2 0.228515625 0.6328125 0.1640625 0.15625
2 0.291015625 0.7578125 0.0546875 0.0986328125
2 0.3935546875 0.544921875 0.060546875 0.0419921875