4 0.1396484375 0.41796875 0.1435546875 0.3720703125
4 0.26953125 0.4169921875 0.115234375 0.384765625
4 0.3701171875 0.396484375 0.107421875 0.3173828125
4 0.470703125 0.392578125 0.0888671875 0.298828125
4 0.5537109375 0.3984375 0.1044921875 0.322265625
4 0.662109375 0.3828125 0.1142578125 0.291015625
4 0.341796875 0.57421875 0.123046875 0.369140625
4 0.4541015625 0.583984375 0.1171875 0.3642578125
4 0.5634765625 0.580078125 0.1123046875 0.349609375
4 0.669921875 0.580078125 0.09375 0.345703125
4 0.755859375 0.576171875 0.1044921875 0.3642578125
4 0.8623046875 0.583984375 0.1044921875 0.357421875