1 0.6875 0.359375 0.46875 0.4228515625
1 0.91796875 0.22265625 0.1494140625 0.3056640625
1 0.51171875 0.15625 0.5869140625 0.15625
1 0.7607421875 0.07421875 0.462890625 0.1484375
1 0.2568359375 0.0869140625 0.21875 0.1728515625
1 0.4375 0.046875 0.1728515625 0.09375
1 0.076171875 0.1650390625 0.1513671875 0.3291015625
1 0.1806640625 0.22265625 0.0625 0.1494140625
1 0.234375 0.32421875 0.1728515625 0.1318359375
1 0.3125 0.390625 0.28125 0.2978515625
1 0.41796875 0.60546875 0.4931640625 0.2119140625
1 0.87890625 0.65234375 0.2255859375 0.5693359375
1 0.74609375 0.6318359375 0.2119140625 0.1416015625
1 0.65625 0.765625 0.28125 0.2666015625
1 0.8369140625 0.9443359375 0.15625 0.09375
1 0.953125 0.9619140625 0.0791015625 0.0625
1 0.50390625 0.85546875 0.4130859375 0.2744140625
1 0.265625 0.69921875 0.21875 0.2880859375
1 0.140625 0.63671875 0.25 0.3056640625
1 0.109375 0.47265625 0.2041015625 0.2431640625
1 0.08203125 0.390625 0.1630859375 0.2041015625
1 0.10546875 0.6279296875 0.2109375 0.306640625
1 0.125 0.8818359375 0.25 0.21875
1 0.17578125 0.9130859375 0.2431640625 0.15625
1 0.27734375 0.953125 0.1494140625 0.0791015625
1 0.49609375 0.49609375 0.9921875 0.9921875