4 0.1181640625 0.2783203125 0.123046875 0.533203125
4 0.259765625 0.279296875 0.115234375 0.541015625
4 0.4140625 0.2919921875 0.126953125 0.5341796875
4 0.5732421875 0.294921875 0.134765625 0.5185546875
4 0.736328125 0.3115234375 0.1376953125 0.4951171875
4 0.8857421875 0.3310546875 0.138671875 0.46875
4 0.890625 0.7900390625 0.146484375 0.2578125
4 0.7314453125 0.7890625 0.140625 0.265625
4 0.587890625 0.7890625 0.150390625 0.333984375
4 0.4208984375 0.7744140625 0.1455078125 0.357421875
4 0.2666015625 0.7783203125 0.146484375 0.423828125
4 0.107421875 0.759765625 0.111328125 0.373046875