1 0.3017578125 0.4150390625 0.603515625 0.8291015625
1 0.744140625 0.2275390625 0.501953125 0.4541015625
1 0.453125 0.35546875 0.34375 0.2880859375
1 0.4443359375 0.4931640625 0.625 0.3603515625
1 0.48046875 0.58984375 0.6630859375 0.4443359375
1 0.4443359375 0.6318359375 0.7353515625 0.5
1 0.6181640625 0.63671875 0.5625 0.4443359375
1 0.171875 0.87890625 0.34375 0.2255859375
1 0.53515625 0.89453125 0.7568359375 0.1943359375
1 0.86328125 0.7431640625 0.1943359375 0.2353515625
1 0.94140625 0.57421875 0.1005859375 0.3056640625