1 0.21875 0.765625 0.4375 0.4541015625
1 0.30859375 0.77734375 0.4443359375 0.4306640625
1 0.31640625 0.74609375 0.5380859375 0.4931640625
1 0.4306640625 0.703125 0.8603515625 0.5791015625
1 0.484375 0.5380859375 0.96875 0.90625
1 0.1494140625 0.20703125 0.2978515625 0.4130859375
1 0.27734375 0.08203125 0.3056640625 0.1630859375
1 0.66015625 0.5556640625 0.6630859375 0.875
1 0.775390625 0.1025390625 0.439453125 0.2041015625
1 0.921875 0.3193359375 0.1416015625 0.34375
1 0.49609375 0.49609375 0.9921875 0.9921875