2 0.8505859375 0.685546875 0.1298828125 0.173828125
2 0.7099609375 0.638671875 0.166015625 0.1171875
2 0.4013671875 0.6748046875 0.1533203125 0.2158203125
2 0.123046875 0.79296875 0.1044921875 0.0703125
2 0.708984375 0.732421875 0.09375 0.056640625
2 0.5546875 0.669921875 0.0986328125 0.2626953125
2 0.103515625 0.693359375 0.107421875 0.0810546875
2 0.240234375 0.3251953125 0.1640625 0.267578125
2 0.7333984375 0.337890625 0.1220703125 0.2734375
2 0.42578125 0.333984375 0.1455078125 0.298828125
2 0.1640625 0.595703125 0.2158203125 0.3564453125