1 0.9619140625 0.71875 0.0625 0.09375
1 0.8818359375 0.640625 0.1728515625 0.1416015625
1 0.86328125 0.55859375 0.1943359375 0.1005859375
1 0.8681640625 0.49609375 0.1728515625 0.1181640625
1 0.74609375 0.4130859375 0.1181640625 0.125
1 0.6875 0.4375 0.1103515625 0.0625
1 0.51953125 0.421875 0.2255859375 0.0478515625
1 0.5693359375 0.46484375 0.1875 0.0244140625
1 0.640625 0.51953125 0.1728515625 0.1005859375
1 0.69140625 0.53515625 0.1318359375 0.0869140625
1 0.72265625 0.61328125 0.1181640625 0.0869140625
1 0.6181640625 0.64453125 0.25 0.1181640625
1 0.50390625 0.5625 0.1494140625 0.1103515625
1 0.390625 0.5693359375 0.1416015625 0.0625
1 0.4130859375 0.46875 0.15625 0.0625
1 0.18359375 0.53125 0.2119140625 0.1103515625
1 0.26953125 0.453125 0.1181640625 0.1103515625
1 0.1494140625 0.41796875 0.15625 0.1181640625
1 0.2880859375 0.3818359375 0.125 0.0625
1 0.3818359375 0.38671875 0.0625 0.1005859375