2 0.4970703125 0.490234375 0.1669921875 0.142578125
2 0.8720703125 0.583984375 0.1220703125 0.0703125
2 0.0654296875 0.4248046875 0.109375 0.078125
2 0.2509765625 0.529296875 0.0888671875 0.056640625
2 0.3125 0.4072265625 0.0986328125 0.052734375
2 0.9169921875 0.3837890625 0.072265625 0.048828125
2 0.70703125 0.595703125 0.078125 0.0654296875
2 0.8017578125 0.3876953125 0.056640625 0.0625
2 0.2109375 0.17578125 0.068359375 0.080078125
2 0.423828125 0.1865234375 0.048828125 0.0546875
2 0.1171875 0.8515625 0.083984375 0.0498046875
2 0.357421875 0.0927734375 0.060546875 0.0498046875
2 0.7236328125 0.1171875 0.0810546875 0.072265625
2 0.2724609375 0.669921875 0.0390625 0.048828125
2 0.626953125 0.8701171875 0.033203125 0.046875
2 0.658203125 0.337890625 0.041015625 0.0361328125
2 0.3251953125 0.5400390625 0.0439453125 0.0439453125
2 0.4921875 0.1669921875 0.041015625 0.052734375
2 0.1494140625 0.5693359375 0.029296875 0.0390625
2 0.904296875 0.4404296875 0.078125 0.0625
2 0.8330078125 0.814453125 0.0361328125 0.056640625
2 0.33984375 0.96875 0.0341796875 0.0517578125
2 0.3916015625 0.3671875 0.0341796875 0.0263671875
2 0.822265625 0.505859375 0.0341796875 0.03125
2 0.1689453125 0.8095703125 0.041015625 0.0546875
2 0.0498046875 0.173828125 0.0498046875 0.060546875
2 0.01953125 0.0986328125 0.0390625 0.056640625
2 0.03125 0.3271484375 0.056640625 0.046875
2 0.962890625 0.1103515625 0.037109375 0.0419921875
2 0.7470703125 0.255859375 0.0673828125 0.087890625
2 0.0283203125 0.2822265625 0.0439453125 0.0439453125
2 0.548828125 0.0849609375 0.048828125 0.060546875
2 0.244140625 0.220703125 0.1435546875 0.181640625
2 0.9853515625 0.857421875 0.029296875 0.0390625
2 0.23046875 0.8642578125 0.056640625 0.0546875
2 0.5 0.423828125 0.029296875 0.025390625
2 0.744140625 0.421875 0.0888671875 0.083984375