1 0.8427734375 0.4375 0.146484375 0.1630859375
1 0.708984375 0.43359375 0.1298828125 0.146484375
1 0.8486328125 0.578125 0.1416015625 0.1513671875
1 0.775390625 0.625 0.1923828125 0.0576171875
1 0.76171875 0.6513671875 0.1728515625 0.05078125
1 0.81640625 0.662109375 0.2978515625 0.0625
1 0.7119140625 0.564453125 0.125 0.125
1 0.580078125 0.439453125 0.1396484375 0.1416015625
1 0.576171875 0.564453125 0.146484375 0.1416015625
1 0.447265625 0.4423828125 0.1298828125 0.126953125
1 0.4375 0.568359375 0.1201171875 0.1318359375
1 0.5205078125 0.6572265625 0.29296875 0.0693359375
1 0.3291015625 0.501953125 0.1083984375 0.1875
1 0.29296875 0.615234375 0.158203125 0.09375
1 0.255859375 0.6552734375 0.09375 0.03125
1 0.2197265625 0.435546875 0.1923828125 0.283203125
1 0.123046875 0.580078125 0.189453125 0.208984375