4 0.140625 0.259765625 0.17578125 0.51953125
4 0.283203125 0.2666015625 0.1689453125 0.533203125
4 0.4375 0.279296875 0.1796875 0.544921875
4 0.595703125 0.291015625 0.185546875 0.529296875
4 0.7578125 0.3154296875 0.185546875 0.505859375
4 0.9072265625 0.3427734375 0.185546875 0.4794921875
4 0.892578125 0.8017578125 0.171875 0.2705078125
4 0.7333984375 0.7919921875 0.1669921875 0.2783203125
4 0.5908203125 0.7841796875 0.1826171875 0.3466796875
4 0.4248046875 0.7607421875 0.181640625 0.3701171875
4 0.26953125 0.755859375 0.189453125 0.435546875
4 0.111328125 0.7294921875 0.146484375 0.3828125