1 0.8271484375 0.23828125 0.302734375 0.1923828125
1 0.806640625 0.4130859375 0.3173828125 0.2119140625
1 0.6494140625 0.5517578125 0.3369140625 0.3291015625
1 0.8349609375 0.669921875 0.2236328125 0.251953125
1 0.607421875 0.708984375 0.2451171875 0.2978515625
1 0.3505859375 0.5205078125 0.283203125 0.2568359375
1 0.361328125 0.708984375 0.2451171875 0.1826171875
1 0.1806640625 0.578125 0.09375 0.3916015625
1 0.08203125 0.595703125 0.1201171875 0.3388671875
1 0.130859375 0.228515625 0.15625 0.0576171875
1 0.146484375 0.3134765625 0.1875 0.1396484375
1 0.2958984375 0.3583984375 0.1201171875 0.103515625