2 0.4521484375 0.3056640625 0.6611328125 0.353515625
2 0.7236328125 0.720703125 0.552734375 0.556640625
2 0.1982421875 0.8505859375 0.396484375 0.298828125
2 0.3134765625 0.8564453125 0.3466796875 0.236328125
2 0.421875 0.17578125 0.533203125 0.115234375
2 0.099609375 0.650390625 0.1953125 0.2607421875
2 0.185546875 0.33984375 0.3642578125 0.220703125
2 0.115234375 0.828125 0.2294921875 0.2841796875
2 0.193359375 0.55078125 0.306640625 0.275390625
2 0.076171875 0.525390625 0.150390625 0.263671875
2 0.8486328125 0.4951171875 0.302734375 0.474609375