1 0.546875 0.59375 0.5 0.6875
1 0.84765625 0.4375 0.2880859375 0.3603515625
1 0.8125 0.63671875 0.3603515625 0.3681640625
1 0.8681640625 0.82421875 0.25 0.2255859375
1 0.3193359375 0.66015625 0.53125 0.5556640625
1 0.21484375 0.7216796875 0.4296875 0.431640625
1 0.140625 0.29296875 0.28125 0.5859375
1 0.828125 0.171875 0.3291015625 0.2353515625
1 0.7490234375 0.07421875 0.486328125 0.1484375
1 0.66796875 0.2880859375 0.2119140625 0.375
1 0.3681640625 0.17578125 0.2021484375 0.3505859375
1 0.5244140625 0.1630859375 0.1103515625 0.3125
1 0.49609375 0.4716796875 0.9921875 0.943359375