1 0.3798828125 0.21484375 0.396484375 0.32421875
1 0.560546875 0.4375 0.3916015625 0.3603515625
1 0.74609375 0.486328125 0.1513671875 0.1630859375
1 0.7802734375 0.6259765625 0.279296875 0.29296875
1 0.27734375 0.4287109375 0.1826171875 0.146484375
1 0.1982421875 0.5400390625 0.34375 0.271484375
1 0.1962890625 0.7021484375 0.1611328125 0.185546875
1 0.3798828125 0.712890625 0.1201171875 0.1201171875
1 0.330078125 0.8193359375 0.26171875 0.2353515625
1 0.6181640625 0.8017578125 0.3193359375 0.2353515625
1 0.7822265625 0.7822265625 0.373046875 0.2138671875
1 0.5263671875 0.548828125 0.208984375 0.3076171875