2 0.4326171875 0.3095703125 0.322265625 0.181640625
2 0.525390625 0.443359375 0.283203125 0.1298828125
2 0.658203125 0.435546875 0.2236328125 0.197265625
2 0.3818359375 0.4150390625 0.2548828125 0.1064453125
2 0.5556640625 0.5439453125 0.240234375 0.123046875
2 0.763671875 0.5673828125 0.154296875 0.1328125
2 0.3603515625 0.75390625 0.28125 0.154296875
2 0.2900390625 0.5556640625 0.275390625 0.1376953125
2 0.583984375 0.6630859375 0.2373046875 0.1826171875
2 0.080078125 0.5615234375 0.154296875 0.0859375
2 0.080078125 0.625 0.158203125 0.1015625
2 0.130859375 0.2880859375 0.169921875 0.0703125
2 0.244140625 0.6845703125 0.142578125 0.1376953125
2 0.32421875 0.279296875 0.1298828125 0.052734375
2 0.8095703125 0.6669921875 0.2685546875 0.0966796875
2 0.3046875 0.634765625 0.298828125 0.1611328125
2 0.09765625 0.3701171875 0.185546875 0.0966796875
2 0.2451171875 0.392578125 0.15625 0.1279296875
2 0.265625 0.48828125 0.357421875 0.0751953125
2 0.0546875 0.419921875 0.103515625 0.0625
2 0.099609375 0.322265625 0.154296875 0.0517578125
2 0.162109375 0.4521484375 0.203125 0.0595703125
2 0.185546875 0.5224609375 0.1298828125 0.0498046875
2 0.2509765625 0.310546875 0.123046875 0.0390625
2 0.5205078125 0.6298828125 0.138671875 0.0732421875
2 0.0283203125 0.376953125 0.056640625 0.0439453125
2 0.318359375 0.365234375 0.158203125 0.1640625
2 0.271484375 0.3466796875 0.0830078125 0.048828125
2 0.810546875 0.634765625 0.2294921875 0.03125
2 0.3701171875 0.2587890625 0.189453125 0.029296875