1 0.8525390625 0.5302734375 0.259765625 0.48828125
1 0.91015625 0.232421875 0.1728515625 0.1103515625
1 0.8369140625 0.146484375 0.26171875 0.271484375
1 0.76171875 0.28515625 0.1083984375 0.083984375
1 0.666015625 0.619140625 0.498046875 0.4755859375
1 0.7451171875 0.8447265625 0.29296875 0.1318359375
1 0.640625 0.638671875 0.353515625 0.3056640625
1 0.6708984375 0.212890625 0.185546875 0.3369140625
1 0.6240234375 0.2294921875 0.1494140625 0.314453125
1 0.587890625 0.099609375 0.033203125 0.0458984375
1 0.484375 0.2255859375 0.1630859375 0.322265625
1 0.275390625 0.1630859375 0.333984375 0.259765625
1 0.11328125 0.1767578125 0.1494140625 0.2333984375
1 0.2822265625 0.373046875 0.4208984375 0.23828125
1 0.2568359375 0.3037109375 0.4638671875 0.220703125
1 0.134765625 0.6025390625 0.091796875 0.208984375
1 0.2861328125 0.693359375 0.26953125 0.603515625
1 0.41015625 0.6982421875 0.13671875 0.5146484375
1 0.5263671875 0.8681640625 0.1416015625 0.220703125
1 0.111328125 0.8369140625 0.208984375 0.271484375
1 0.5576171875 0.447265625 0.353515625 0.1201171875