1 0.30859375 0.232421875 0.197265625 0.126953125
1 0.4853515625 0.193359375 0.1923828125 0.115234375
1 0.525390625 0.267578125 0.23046875 0.1103515625
1 0.326171875 0.2958984375 0.2236328125 0.1318359375
1 0.5732421875 0.3583984375 0.259765625 0.1494140625
1 0.6416015625 0.5107421875 0.310546875 0.2021484375
1 0.7412109375 0.765625 0.3916015625 0.458984375
1 0.431640625 0.7978515625 0.3896484375 0.39453125
1 0.3798828125 0.560546875 0.29296875 0.248046875
1 0.34765625 0.412109375 0.25 0.1708984375
1 0.763671875 0.1865234375 0.2763671875 0.197265625
1 0.76171875 0.13671875 0.2568359375 0.0869140625