1 0.4580078125 0.4521484375 0.1630859375 0.365234375
1 0.7451171875 0.736328125 0.259765625 0.259765625
1 0.9208984375 0.8974609375 0.1513671875 0.1943359375
1 0.767578125 0.927734375 0.1630859375 0.134765625
1 0.609375 0.892578125 0.15625 0.2041015625
1 0.50390625 0.7255859375 0.2548828125 0.259765625
1 0.314453125 0.3193359375 0.1806640625 0.3818359375
1 0.3115234375 0.0732421875 0.17578125 0.146484375
1 0.302734375 0.6826171875 0.1630859375 0.376953125
1 0.302734375 0.921875 0.1630859375 0.146484375
1 0.14453125 0.673828125 0.15625 0.373046875
1 0.1474609375 0.314453125 0.1494140625 0.3603515625
1 0.033203125 0.6689453125 0.06640625 0.373046875
1 0.03515625 0.919921875 0.0693359375 0.1513671875
1 0.1416015625 0.923828125 0.158203125 0.1396484375