4 0.0732421875 0.7900390625 0.1171875 0.3359375
4 0.158203125 0.78125 0.1220703125 0.3232421875
4 0.2265625 0.775390625 0.119140625 0.3310546875
4 0.2900390625 0.7578125 0.111328125 0.3154296875
4 0.365234375 0.7568359375 0.1044921875 0.28125
4 0.447265625 0.7509765625 0.115234375 0.2919921875
4 0.509765625 0.755859375 0.1044921875 0.287109375
4 0.576171875 0.755859375 0.134765625 0.2841796875
4 0.64453125 0.759765625 0.1123046875 0.294921875
4 0.724609375 0.7744140625 0.1220703125 0.326171875
4 0.783203125 0.7763671875 0.1044921875 0.2890625
4 0.8505859375 0.7880859375 0.111328125 0.3154296875
4 0.9228515625 0.7958984375 0.123046875 0.3359375