1 0.7119140625 0.55078125 0.21875 0.3818359375
1 0.79296875 0.45703125 0.0693359375 0.2744140625
1 0.85546875 0.38671875 0.0693359375 0.3056640625
1 0.8994140625 0.5 0.03125 0.28125
1 0.84765625 0.625 0.0693359375 0.1728515625
1 0.7255859375 0.80078125 0.1416015625 0.1181640625
1 0.62890625 0.81640625 0.1181640625 0.1494140625
1 0.52734375 0.48046875 0.1630859375 0.8505859375
1 0.62890625 0.2119140625 0.0869140625 0.28125
1 0.71484375 0.21875 0.0869140625 0.25
1 0.78515625 0.24609375 0.0869140625 0.1806640625
1 0.375 0.3818359375 0.1416015625 0.6728515625
1 0.37109375 0.79296875 0.1318359375 0.1806640625
1 0.4130859375 0.85546875 0.1103515625 0.1005859375
1 0.25 0.3505859375 0.15625 0.5478515625
1 0.2568359375 0.7255859375 0.09375 0.25
1 0.13671875 0.359375 0.0869140625 0.375
1 0.12109375 0.57421875 0.0693359375 0.1005859375
1 0.1630859375 0.6806640625 0.1103515625 0.1875
1 0.08984375 0.4443359375 0.0556640625 0.2353515625