1 0.7607421875 0.638671875 0.228515625 0.447265625
1 0.7919921875 0.25 0.1201171875 0.3583984375
1 0.6513671875 0.2724609375 0.16796875 0.4111328125
1 0.248046875 0.4013671875 0.23828125 0.759765625
1 0.4599609375 0.232421875 0.197265625 0.3583984375
1 0.501953125 0.3388671875 0.1298828125 0.1083984375
1 0.517578125 0.4599609375 0.25 0.1416015625
1 0.546875 0.6513671875 0.21875 0.26953125
1 0.6142578125 0.8330078125 0.2021484375 0.166015625
1 0.3818359375 0.84375 0.2744140625 0.2763671875
1 0.328125 0.6181640625 0.2021484375 0.4423828125