1 0.892578125 0.671875 0.126953125 0.302734375
1 0.6767578125 0.6943359375 0.1181640625 0.291015625
1 0.46875 0.7099609375 0.1318359375 0.283203125
1 0.255859375 0.736328125 0.13671875 0.302734375
1 0.0576171875 0.7548828125 0.115234375 0.29296875
1 0.8505859375 0.3056640625 0.125 0.23046875
1 0.98828125 0.310546875 0.0166015625 0.21875
1 0.69921875 0.28125 0.146484375 0.23046875
1 0.556640625 0.2607421875 0.14453125 0.23828125
1 0.40625 0.2333984375 0.1513671875 0.23046875
1 0.2763671875 0.2041015625 0.158203125 0.23046875
1 0.125 0.171875 0.158203125 0.2255859375
1 0.037109375 0.154296875 0.07421875 0.2138671875