4 0.08203125 0.3095703125 0.0703125 0.2392578125
4 0.1748046875 0.267578125 0.0859375 0.3359375
4 0.283203125 0.248046875 0.091796875 0.3701171875
4 0.3935546875 0.3515625 0.076171875 0.169921875
4 0.4970703125 0.1552734375 0.142578125 0.1044921875
4 0.685546875 0.2548828125 0.123046875 0.474609375
4 0.900390625 0.2578125 0.123046875 0.466796875
4 0.841796875 0.7890625 0.1123046875 0.298828125
4 0.3984375 0.791015625 0.109375 0.314453125
4 0.2548828125 0.791015625 0.1201171875 0.314453125
4 0.1162109375 0.791015625 0.115234375 0.314453125