1 0.796875 0.7431640625 0.333984375 0.3603515625
1 0.4931640625 0.779296875 0.3603515625 0.3994140625
1 0.7275390625 0.5625 0.3125 0.154296875
1 0.5634765625 0.513671875 0.248046875 0.1416015625
1 0.37890625 0.673828125 0.2978515625 0.333984375
1 0.158203125 0.1474609375 0.185546875 0.17578125
1 0.421875 0.396484375 0.283203125 0.13671875
1 0.31640625 0.583984375 0.240234375 0.251953125
1 0.216796875 0.5244140625 0.216796875 0.21875
1 0.0927734375 0.630859375 0.185546875 0.322265625
1 0.078125 0.4833984375 0.15625 0.498046875
1 0.1875 0.330078125 0.1201171875 0.189453125