1 0.9443359375 0.83984375 0.09375 0.1494140625
1 0.82421875 0.859375 0.1494140625 0.1103515625
1 0.7255859375 0.83984375 0.125 0.1181640625
1 0.6806640625 0.8056640625 0.1728515625 0.1875
1 0.94921875 0.19921875 0.0869140625 0.1494140625
1 0.93359375 0.44140625 0.1181640625 0.3994140625
1 0.97265625 0.08984375 0.0380859375 0.1005859375
1 0.74609375 0.21875 0.3994140625 0.375
1 0.65625 0.34765625 0.4228515625 0.3193359375
1 0.6806640625 0.56640625 0.3916015625 0.2880859375
1 0.52734375 0.78125 0.4755859375 0.2666015625
1 0.453125 0.58203125 0.125 0.1494140625
1 0.42578125 0.4375 0.2431640625 0.2353515625
1 0.27734375 0.49609375 0.0869140625 0.1494140625
1 0.27734375 0.8193359375 0.1181640625 0.1875
1 0.21875 0.70703125 0.3291015625 0.3818359375
1 0.0556640625 0.703125 0.1103515625 0.34375
1 0.1318359375 0.4931640625 0.2041015625 0.125
1 0.18359375 0.3818359375 0.2431640625 0.125
1 0.25390625 0.2880859375 0.3193359375 0.1103515625
1 0.2431640625 0.171875 0.2978515625 0.1875
1 0.4619140625 0.19140625 0.15625 0.1494140625
1 0.65625 0.09375 0.3603515625 0.1875
1 0.6875 0.08984375 0.28125 0.1796875
1 0.3935546875 0.05859375 0.212890625 0.1171875
1 0.25390625 0.08203125 0.2431640625 0.1630859375
1 0.453125 0.17578125 0.15625 0.1181640625