1 0.08984375 0.5244140625 0.1630859375 0.2978515625
1 0.2744140625 0.7119140625 0.2021484375 0.1416015625
1 0.33984375 0.8681640625 0.1806640625 0.25
1 0.578125 0.8818359375 0.375 0.21875
1 0.49609375 0.73046875 0.1630859375 0.1630859375
1 0.15234375 0.8818359375 0.2431640625 0.21875
1 0.05078125 0.875 0.1005859375 0.2353515625
1 0.125 0.7119140625 0.25 0.1103515625
1 0.30078125 0.390625 0.2880859375 0.5
1 0.2255859375 0.49609375 0.1083984375 0.2744140625
1 0.046875 0.6005859375 0.09375 0.1416015625
1 0.08203125 0.22265625 0.1630859375 0.4443359375
1 0.609375 0.27734375 0.3291015625 0.3818359375
1 0.6005859375 0.56640625 0.3125 0.2119140625
1 0.6630859375 0.69140625 0.2041015625 0.1806640625