1 0.53515625 0.6181640625 0.8369140625 0.53125
1 0.77734375 0.4130859375 0.3056640625 0.28125
1 0.65234375 0.44921875 0.3505859375 0.3056640625
1 0.5625 0.4306640625 0.46875 0.4228515625
1 0.5380859375 0.34375 0.2978515625 0.3603515625
1 0.4130859375 0.34765625 0.3291015625 0.3681640625
1 0.296875 0.54296875 0.1416015625 0.0869140625
1 0.25 0.390625 0.1728515625 0.2353515625
1 0.09765625 0.26953125 0.1943359375 0.3681640625
1 0.24609375 0.2255859375 0.3505859375 0.3125
1 0.50390625 0.109375 0.2119140625 0.125
1 0.2255859375 0.23828125 0.34375 0.3818359375