2 0.498046875 0.609375 0.3486328125 0.271484375
2 0.548828125 0.4208984375 0.306640625 0.2705078125
2 0.822265625 0.640625 0.1357421875 0.169921875
2 0.287109375 0.75390625 0.158203125 0.2236328125
2 0.669921875 0.7646484375 0.162109375 0.1953125
2 0.474609375 0.8046875 0.1591796875 0.1484375
2 0.3330078125 0.2744140625 0.142578125 0.341796875
2 0.736328125 0.1962890625 0.173828125 0.224609375
2 0.8564453125 0.3447265625 0.0751953125 0.34375
2 0.1396484375 0.4697265625 0.0908203125 0.173828125
2 0.857421875 0.7900390625 0.095703125 0.123046875
2 0.146484375 0.24609375 0.1328125 0.2373046875
2 0.2548828125 0.490234375 0.0654296875 0.1513671875
2 0.5126953125 0.181640625 0.0888671875 0.1796875
2 0.142578125 0.73828125 0.0703125 0.119140625