1 0.625 0.34765625 0.3125 0.2744140625
1 0.5625 0.33203125 0.4375 0.3056640625
1 0.83984375 0.515625 0.1318359375 0.25
1 0.94140625 0.51953125 0.1005859375 0.2431640625
1 0.765625 0.5869140625 0.1103515625 0.2353515625
1 0.55859375 0.62109375 0.4755859375 0.3681640625
1 0.30859375 0.6875 0.3994140625 0.46875
1 0.328125 0.68359375 0.1416015625 0.2255859375
1 0.140625 0.453125 0.1103515625 0.125
1 0.25 0.453125 0.09375 0.09375
1 0.32421875 0.41015625 0.1005859375 0.1005859375
4 0.88671875 0.2880859375 0.2119140625 0.1875
4 0.8818359375 0.140625 0.21875 0.1875
4 0.6494140625 0.15234375 0.2041015625 0.1181640625
4 0.07421875 0.62890625 0.1318359375 0.2744140625