4 0.111328125 0.7578125 0.125 0.4033203125
4 0.267578125 0.771484375 0.146484375 0.4189453125
4 0.4228515625 0.771484375 0.154296875 0.369140625
4 0.5888671875 0.802734375 0.146484375 0.3515625
4 0.7392578125 0.806640625 0.134765625 0.287109375
4 0.896484375 0.8095703125 0.154296875 0.224609375
4 0.8876953125 0.3232421875 0.150390625 0.4248046875
4 0.7392578125 0.3076171875 0.125 0.478515625
4 0.576171875 0.29296875 0.158203125 0.501953125
4 0.41796875 0.275390625 0.123046875 0.5419921875
4 0.2685546875 0.275390625 0.1376953125 0.521484375
4 0.1181640625 0.2841796875 0.123046875 0.556640625