1 0.3681640625 0.73828125 0.2333984375 0.2880859375
1 0.39453125 0.8125 0.1630859375 0.15625
1 0.3994140625 0.6806640625 0.46875 0.4228515625
1 0.1875 0.74609375 0.1416015625 0.2744140625
1 0.0869140625 0.58984375 0.1728515625 0.5869140625
1 0.65234375 0.625 0.6806640625 0.53125
1 0.703125 0.47265625 0.5791015625 0.2568359375
1 0.734375 0.3994140625 0.5166015625 0.1875
1 0.79296875 0.35546875 0.3994140625 0.1630859375
1 0.84765625 0.28515625 0.2744140625 0.1181640625
1 0.87890625 0.19921875 0.2255859375 0.1318359375
1 0.15625 0.33984375 0.3125 0.3369140625
1 0.265625 0.4306640625 0.1875 0.15625
1 0.37109375 0.359375 0.2119140625 0.1416015625
1 0.23046875 0.2373046875 0.4609375 0.212890625
1 0.09765625 0.0244140625 0.1943359375 0.0478515625
1 0.1494140625 0.08984375 0.2978515625 0.1494140625
1 0.49609375 0.16796875 0.4931640625 0.2744140625
1 0.755859375 0.10546875 0.46875 0.2109375
1 0.34765625 0.0244140625 0.2744140625 0.0478515625
1 0.49609375 0.4404296875 0.9921875 0.880859375