1 0.7490234375 0.15234375 0.486328125 0.3046875
1 0.77734375 0.67578125 0.4306640625 0.6318359375
1 0.43359375 0.70703125 0.2568359375 0.5693359375
1 0.23828125 0.6943359375 0.1943359375 0.5166015625
1 0.41796875 0.17578125 0.1943359375 0.3505859375
1 0.2568359375 0.1875 0.1728515625 0.375
1 0.14453125 0.2431640625 0.1005859375 0.3603515625
1 0.06640625 0.34765625 0.0869140625 0.2119140625
1 0.015625 0.4443359375 0.03125 0.1416015625
1 0.1005859375 0.65234375 0.1103515625 0.3681640625
1 0.02734375 0.6484375 0.0546875 0.234375