4 0.1396484375 0.4462890625 0.1796875 0.3876953125
4 0.2685546875 0.4296875 0.1533203125 0.396484375
4 0.3662109375 0.3974609375 0.1376953125 0.330078125
4 0.4658203125 0.3818359375 0.1171875 0.3076171875
4 0.548828125 0.3779296875 0.1357421875 0.3330078125
4 0.6552734375 0.3505859375 0.142578125 0.302734375
4 0.35546875 0.5771484375 0.1591796875 0.3828125
4 0.46875 0.5751953125 0.1533203125 0.376953125
4 0.5771484375 0.55859375 0.146484375 0.3623046875
4 0.681640625 0.5458984375 0.1279296875 0.3544921875
4 0.767578125 0.5322265625 0.140625 0.375
4 0.875 0.52734375 0.140625 0.3701171875