1 0.7255859375 0.58203125 0.53125 0.7255859375
1 0.1630859375 0.6318359375 0.2021484375 0.53125
1 0.375 0.69140625 0.3603515625 0.5244140625
1 0.04296875 0.5888671875 0.0859375 0.537109375
1 0.35546875 0.23828125 0.3681640625 0.0869140625
1 0.8818359375 0.12890625 0.21875 0.1630859375
1 0.32421875 0.13671875 0.1630859375 0.0556640625
1 0.1025390625 0.4931640625 0.2041015625 0.720703125
1 0.3125 0.52734375 0.3291015625 0.7431640625
1 0.62890625 0.56640625 0.7255859375 0.7568359375
1 0.0634765625 0.0712890625 0.126953125 0.1416015625
1 0.1494140625 0.08203125 0.125 0.1005859375
1 0.29296875 0.09765625 0.1630859375 0.1181640625
1 0.66796875 0.13671875 0.1630859375 0.0869140625
1 0.5869140625 0.12109375 0.3603515625 0.1181640625