1 0.734375 0.87109375 0.3603515625 0.2431640625
1 0.90234375 0.90625 0.1806640625 0.1728515625
1 0.8193359375 0.68359375 0.34375 0.1318359375
1 0.6494140625 0.5869140625 0.125 0.1728515625
1 0.6943359375 0.5244140625 0.1728515625 0.1416015625
1 0.80859375 0.48046875 0.1494140625 0.0556640625
1 0.22265625 0.8818359375 0.3369140625 0.1728515625
1 0.09765625 0.9306640625 0.1943359375 0.125
1 0.359375 0.9375 0.25 0.1103515625
1 0.48046875 0.94921875 0.1318359375 0.0869140625
1 0.59375 0.84375 0.1875 0.15625
1 0.46875 0.78125 0.2666015625 0.15625
1 0.15234375 0.78515625 0.2431640625 0.1005859375
1 0.0244140625 0.78125 0.0478515625 0.1416015625
1 0.11328125 0.6943359375 0.1630859375 0.15625
1 0.28515625 0.61328125 0.2255859375 0.2119140625
1 0.44140625 0.66796875 0.2744140625 0.1181640625
1 0.484375 0.55078125 0.2041015625 0.1806640625
1 0.87890625 0.5244140625 0.2255859375 0.1728515625
1 0.80859375 0.3681640625 0.3681640625 0.1875
1 0.84375 0.31640625 0.2978515625 0.0869140625
1 0.7880859375 0.2431640625 0.28125 0.1416015625
1 0.55078125 0.15625 0.2880859375 0.1103515625
1 0.20703125 0.1181640625 0.1806640625 0.0791015625
1 0.2431640625 0.16015625 0.4853515625 0.1494140625
1 0.1806640625 0.359375 0.3603515625 0.2666015625
1 0.34375 0.3681640625 0.2666015625 0.1875
1 0.5068359375 0.3125 0.3125 0.2353515625
1 0.1806640625 0.58203125 0.3603515625 0.1943359375
1 0.49609375 0.5263671875 0.9921875 0.931640625