2 0.609375 0.478515625 0.2138671875 0.2578125
2 0.611328125 0.220703125 0.2109375 0.244140625
2 0.86328125 0.51953125 0.21875 0.228515625
2 0.8388671875 0.369140625 0.21875 0.146484375
2 0.435546875 0.55859375 0.203125 0.2578125
2 0.6953125 0.146484375 0.150390625 0.1357421875
2 0.7392578125 0.732421875 0.1455078125 0.1640625
2 0.134765625 0.2802734375 0.126953125 0.138671875
2 0.5634765625 0.763671875 0.1591796875 0.1923828125
2 0.408203125 0.380859375 0.1328125 0.140625
2 0.291015625 0.361328125 0.134765625 0.197265625
2 0.86328125 0.228515625 0.126953125 0.1298828125
2 0.400390625 0.1865234375 0.1484375 0.119140625
2 0.1044921875 0.4580078125 0.119140625 0.095703125
2 0.4072265625 0.798828125 0.166015625 0.1767578125
2 0.177734375 0.162109375 0.150390625 0.169921875
2 0.0556640625 0.908203125 0.111328125 0.150390625
2 0.201171875 0.5498046875 0.1923828125 0.15625
2 0.666015625 0.3876953125 0.1171875 0.138671875
2 0.4638671875 0.0966796875 0.1796875 0.1484375
2 0.865234375 0.095703125 0.134765625 0.134765625
2 0.2060546875 0.806640625 0.146484375 0.111328125
2 0.845703125 0.7314453125 0.1328125 0.1376953125
2 0.0439453125 0.1708984375 0.087890625 0.154296875
2 0.28515625 0.1962890625 0.1015625 0.1220703125
2 0.654296875 0.802734375 0.134765625 0.123046875
2 0.3046875 0.6826171875 0.1123046875 0.1376953125
2 0.6669921875 0.8828125 0.1455078125 0.1279296875
2 0.201171875 0.66796875 0.169921875 0.1142578125
2 0.7412109375 0.064453125 0.1328125 0.126953125
2 0.7587890625 0.236328125 0.115234375 0.0908203125
2 0.1103515625 0.8564453125 0.15625 0.1376953125
2 0.400390625 0.255859375 0.146484375 0.091796875
2 0.763671875 0.638671875 0.1015625 0.1328125
2 0.0771484375 0.54296875 0.0751953125 0.107421875
2 0.9013671875 0.0419921875 0.158203125 0.083984375
2 0.916015625 0.7783203125 0.078125 0.1201171875
2 0.787109375 0.9306640625 0.1064453125 0.103515625
2 0.259765625 0.9189453125 0.0986328125 0.0986328125
2 0.861328125 0.8515625 0.072265625 0.1171875
2 0.6064453125 0.052734375 0.150390625 0.10546875
2 0.9462890625 0.8916015625 0.107421875 0.119140625
2 0.0380859375 0.34765625 0.076171875 0.1435546875
2 0.4462890625 0.93359375 0.091796875 0.1220703125
2 0.623046875 0.95703125 0.0751953125 0.083984375
2 0.552734375 0.9453125 0.095703125 0.1015625
2 0.283203125 0.7666015625 0.1123046875 0.1064453125
2 0.8173828125 0.2958984375 0.0966796875 0.0859375
2 0.296875 0.076171875 0.099609375 0.095703125
2 0.025390625 0.7158203125 0.05078125 0.173828125
2 0.517578125 0.400390625 0.107421875 0.1064453125
2 0.4130859375 0.0390625 0.1513671875 0.076171875
2 0.0673828125 0.65625 0.0673828125 0.056640625
2 0.5302734375 0.328125 0.1171875 0.0908203125
2 0.169921875 0.443359375 0.1064453125 0.1328125
2 0.134765625 0.072265625 0.1064453125 0.083984375
2 0.4658203125 0.509765625 0.109375 0.115234375
2 0.38671875 0.9765625 0.083984375 0.046875
2 0.783203125 0.84765625 0.1044921875 0.103515625
2 0.361328125 0.634765625 0.0859375 0.1279296875
2 0.3349609375 0.876953125 0.138671875 0.119140625
2 0.21484375 0.060546875 0.064453125 0.103515625
2 0.048828125 0.611328125 0.0654296875 0.0576171875
2 0.0380859375 0.4443359375 0.072265625 0.087890625
2 0.126953125 0.197265625 0.0546875 0.0703125