2 0.1923828125 0.232421875 0.3623046875 0.4638671875
2 0.6220703125 0.611328125 0.541015625 0.435546875
2 0.7275390625 0.14453125 0.2138671875 0.275390625
2 0.771484375 0.0654296875 0.123046875 0.126953125
2 0.4560546875 0.22265625 0.173828125 0.1513671875
2 0.072265625 0.1298828125 0.138671875 0.244140625
2 0.7783203125 0.4501953125 0.1064453125 0.146484375
2 0.373046875 0.4423828125 0.322265625 0.154296875
2 0.5126953125 0.599609375 0.2734375 0.1923828125
2 0.4365234375 0.775390625 0.2763671875 0.1328125
2 0.3388671875 0.771484375 0.09375 0.1123046875