2 0.876953125 0.123046875 0.126953125 0.1669921875
2 0.7763671875 0.138671875 0.1142578125 0.1220703125
2 0.6923828125 0.154296875 0.1298828125 0.1015625
2 0.76171875 0.25390625 0.1279296875 0.0986328125
2 0.935546875 0.0595703125 0.0888671875 0.0498046875
2 0.857421875 0.2431640625 0.0888671875 0.064453125
2 0.611328125 0.5810546875 0.0830078125 0.0986328125
2 0.8779296875 0.296875 0.091796875 0.064453125
2 0.67578125 0.625 0.103515625 0.068359375
2 0.548828125 0.5830078125 0.0810546875 0.103515625
2 0.5888671875 0.48046875 0.0859375 0.0576171875
2 0.654296875 0.2255859375 0.0859375 0.0419921875
2 0.603515625 0.1650390625 0.0830078125 0.0751953125
2 0.44921875 0.4013671875 0.0654296875 0.130859375
2 0.677734375 0.5771484375 0.046875 0.0673828125
2 0.3916015625 0.435546875 0.072265625 0.078125
2 0.6376953125 0.3359375 0.0888671875 0.037109375
2 0.470703125 0.583984375 0.09375 0.0654296875
2 0.2783203125 0.1787109375 0.0625 0.056640625
2 0.5146484375 0.431640625 0.1015625 0.076171875
2 0.30078125 0.5009765625 0.126953125 0.083984375
2 0.5859375 0.4052734375 0.041015625 0.076171875
2 0.7705078125 0.546875 0.0576171875 0.0439453125
2 0.2255859375 0.513671875 0.0654296875 0.0595703125
2 0.740234375 0.580078125 0.0703125 0.0439453125
2 0.521484375 0.376953125 0.0908203125 0.0439453125
2 0.927734375 0.666015625 0.109375 0.0576171875
2 0.6494140625 0.4560546875 0.0546875 0.0341796875
2 0.4189453125 0.35546875 0.0576171875 0.0439453125
2 0.3759765625 0.607421875 0.052734375 0.048828125
2 0.857421875 0.0341796875 0.060546875 0.0390625
2 0.3642578125 0.4208984375 0.048828125 0.056640625
2 0.4365234375 0.53125 0.1767578125 0.0908203125
2 0.5966796875 0.224609375 0.046875 0.0498046875
2 0.4091796875 0.615234375 0.1044921875 0.119140625
2 0.853515625 0.103515625 0.056640625 0.0859375
2 0.4912109375 0.923828125 0.044921875 0.0703125
2 0.720703125 0.3525390625 0.0439453125 0.03125
2 0.5107421875 0.3291015625 0.029296875 0.0419921875
2 0.564453125 0.666015625 0.0546875 0.072265625
2 0.705078125 0.8193359375 0.0830078125 0.099609375
2 0.529296875 0.1484375 0.0341796875 0.037109375
2 0.61328125 0.287109375 0.0390625 0.025390625
2 0.4892578125 0.6396484375 0.0576171875 0.044921875
2 0.63671875 0.4033203125 0.0546875 0.029296875
2 0.9306640625 0.248046875 0.03125 0.083984375
2 0.267578125 0.669921875 0.0751953125 0.03125
2 0.6337890625 0.380859375 0.0517578125 0.037109375
2 0.166015625 0.708984375 0.048828125 0.0654296875
2 0.123046875 0.126953125 0.0576171875 0.041015625
2 0.525390625 0.6904296875 0.0439453125 0.056640625
2 0.6123046875 0.693359375 0.046875 0.056640625
2 0.48828125 0.318359375 0.033203125 0.0234375
2 0.34765625 0.646484375 0.064453125 0.0361328125
2 0.1494140625 0.5029296875 0.021484375 0.0283203125