2 0.8212890625 0.826171875 0.140625 0.205078125
2 0.9306640625 0.8173828125 0.138671875 0.2265625
2 0.7314453125 0.880859375 0.169921875 0.1357421875
2 0.5771484375 0.755859375 0.1640625 0.1435546875
2 0.2275390625 0.7822265625 0.1123046875 0.138671875
2 0.5341796875 0.923828125 0.154296875 0.142578125
2 0.8564453125 0.6416015625 0.1484375 0.1455078125
2 0.6611328125 0.9365234375 0.1826171875 0.126953125
2 0.373046875 0.7998046875 0.197265625 0.1611328125
2 0.251953125 0.919921875 0.1513671875 0.158203125
2 0.951171875 0.5576171875 0.0966796875 0.154296875
2 0.6884765625 0.6962890625 0.1142578125 0.1328125
2 0.134765625 0.9140625 0.126953125 0.1357421875
2 0.958984375 0.708984375 0.0810546875 0.080078125
2 0.7314453125 0.7470703125 0.1064453125 0.140625
2 0.373046875 0.9306640625 0.1923828125 0.130859375
2 0.27734375 0.662109375 0.1533203125 0.123046875
2 0.0673828125 0.7841796875 0.1298828125 0.21875
2 0.443359375 0.61328125 0.103515625 0.130859375
2 0.091796875 0.580078125 0.181640625 0.2529296875
2 0.439453125 0.724609375 0.119140625 0.126953125
2 0.650390625 0.595703125 0.1298828125 0.1640625
2 0.1298828125 0.5205078125 0.0986328125 0.1376953125
2 0.880859375 0.482421875 0.1328125 0.166015625
2 0.7900390625 0.509765625 0.0966796875 0.1142578125
2 0.04296875 0.5185546875 0.0732421875 0.1142578125
2 0.521484375 0.861328125 0.1064453125 0.068359375
2 0.8662109375 0.7421875 0.0966796875 0.0732421875
2 0.298828125 0.421875 0.232421875 0.2734375
2 0.8212890625 0.638671875 0.064453125 0.0830078125
2 0.837890625 0.44140625 0.0595703125 0.0859375
2 0.96484375 0.263671875 0.0703125 0.201171875
2 0.0751953125 0.2607421875 0.0859375 0.1015625
2 0.1435546875 0.240234375 0.068359375 0.1064453125
2 0.3271484375 0.81640625 0.0517578125 0.0703125
2 0.0703125 0.3408203125 0.072265625 0.0888671875
2 0.865234375 0.158203125 0.1142578125 0.150390625
2 0.9814453125 0.185546875 0.037109375 0.125
2 0.2578125 0.1865234375 0.052734375 0.1171875
2 0.4912109375 0.255859375 0.1826171875 0.216796875
2 0.6416015625 0.451171875 0.1484375 0.220703125
2 0.03125 0.7373046875 0.0625 0.1279296875
2 0.111328125 0.4970703125 0.0390625 0.0751953125
2 0.7587890625 0.0947265625 0.0546875 0.0732421875
2 0.529296875 0.578125 0.1455078125 0.177734375
2 0.8935546875 0.30859375 0.044921875 0.072265625
2 0.6884765625 0.0810546875 0.0654296875 0.0810546875
2 0.037109375 0.1044921875 0.0498046875 0.076171875
2 0.3798828125 0.2255859375 0.0576171875 0.0751953125
2 0.060546875 0.078125 0.1201171875 0.1484375
2 0.759765625 0.302734375 0.072265625 0.0966796875
2 0.5205078125 0.0693359375 0.0908203125 0.111328125
2 0.7119140625 0.2451171875 0.056640625 0.0830078125
2 0.318359375 0.0791015625 0.064453125 0.076171875
2 0.33984375 0.595703125 0.158203125 0.1845703125
2 0.875 0.369140625 0.0439453125 0.068359375
2 0.6435546875 0.2724609375 0.099609375 0.1220703125
2 0.9765625 0.42578125 0.0439453125 0.095703125
2 0.650390625 0.126953125 0.060546875 0.076171875
2 0.0302734375 0.1845703125 0.0390625 0.0673828125
2 0.345703125 0.037109375 0.0595703125 0.0625
2 0.916015625 0.0810546875 0.166015625 0.162109375
2 0.0322265625 0.9296875 0.0439453125 0.087890625