1 0.7744140625 0.51171875 0.3076171875 0.5068359375
1 0.810546875 0.166015625 0.248046875 0.2861328125
1 0.5517578125 0.3486328125 0.19921875 0.447265625
1 0.619140625 0.6396484375 0.1513671875 0.1826171875
1 0.609375 0.759765625 0.1318359375 0.1494140625
1 0.451171875 0.6806640625 0.185546875 0.1826171875
1 0.453125 0.8193359375 0.208984375 0.166015625
1 0.3798828125 0.46875 0.279296875 0.3896484375
1 0.169921875 0.48828125 0.1494140625 0.3486328125
1 0.126953125 0.7568359375 0.1923828125 0.2353515625
1 0.232421875 0.8173828125 0.1923828125 0.2978515625
1 0.2822265625 0.7197265625 0.125 0.251953125