2 0.365234375 0.744140625 0.267578125 0.4580078125
2 0.1103515625 0.5576171875 0.2158203125 0.197265625
2 0.505859375 0.603515625 0.15625 0.1611328125
2 0.7666015625 0.689453125 0.1923828125 0.154296875
2 0.310546875 0.521484375 0.1845703125 0.146484375
2 0.9580078125 0.87890625 0.083984375 0.11328125
2 0.9580078125 0.74609375 0.083984375 0.1845703125
2 0.8056640625 0.859375 0.1015625 0.1171875
2 0.626953125 0.751953125 0.103515625 0.1376953125
2 0.9033203125 0.578125 0.1220703125 0.166015625
2 0.697265625 0.775390625 0.072265625 0.1123046875
2 0.654296875 0.11328125 0.1357421875 0.1875
2 0.435546875 0.4716796875 0.142578125 0.154296875
2 0.564453125 0.48828125 0.1982421875 0.2548828125