4 0.115234375 0.73046875 0.166015625 0.412109375
4 0.2705078125 0.755859375 0.1875 0.4296875
4 0.4267578125 0.767578125 0.1904296875 0.3798828125
4 0.591796875 0.810546875 0.181640625 0.3623046875
4 0.740234375 0.826171875 0.1640625 0.298828125
4 0.8974609375 0.841796875 0.1767578125 0.2373046875
4 0.90625 0.3564453125 0.1875 0.435546875
4 0.7607421875 0.330078125 0.171875 0.4873046875
4 0.5986328125 0.3017578125 0.2080078125 0.5126953125
4 0.44140625 0.275390625 0.1767578125 0.546875
4 0.291015625 0.263671875 0.189453125 0.525390625
4 0.140625 0.271484375 0.177734375 0.5419921875