2 0.1826171875 0.6171875 0.365234375 0.2919921875
2 0.8779296875 0.447265625 0.1982421875 0.1611328125
2 0.619140625 0.67578125 0.142578125 0.1923828125
2 0.775390625 0.7119140625 0.1591796875 0.1640625
2 0.5224609375 0.529296875 0.2841796875 0.169921875
2 0.271484375 0.427734375 0.1796875 0.1484375
2 0.0712890625 0.3798828125 0.1171875 0.1171875
2 0.1708984375 0.32421875 0.1328125 0.1142578125
2 0.662109375 0.1943359375 0.150390625 0.1142578125
2 0.564453125 0.431640625 0.294921875 0.09375
2 0.4921875 0.1416015625 0.109375 0.091796875
2 0.458984375 0.263671875 0.130859375 0.1015625
2 0.4375 0.3173828125 0.1904296875 0.1142578125
2 0.3662109375 0.1806640625 0.09375 0.1064453125
2 0.2734375 0.224609375 0.0810546875 0.095703125
2 0.400390625 0.423828125 0.107421875 0.0908203125
2 0.7041015625 0.318359375 0.095703125 0.078125
2 0.5205078125 0.2119140625 0.115234375 0.0859375
2 0.76953125 0.2197265625 0.1044921875 0.099609375
2 0.654296875 0.138671875 0.119140625 0.0673828125
2 0.271484375 0.3076171875 0.083984375 0.078125
2 0.8486328125 0.509765625 0.0673828125 0.0732421875
2 0.5654296875 0.310546875 0.140625 0.1455078125
2 0.1337890625 0.251953125 0.0654296875 0.0546875
2 0.833984375 0.341796875 0.0751953125 0.0625
2 0.4873046875 0.0859375 0.0673828125 0.078125
2 0.7021484375 0.388671875 0.0732421875 0.0625
2 0.4560546875 0.7109375 0.1611328125 0.1689453125
2 0.455078125 0.5107421875 0.146484375 0.103515625
2 0.626953125 0.287109375 0.0625 0.046875
2 0.46875 0.0810546875 0.029296875 0.0654296875
2 0.896484375 0.666015625 0.056640625 0.076171875
2 0.8291015625 0.595703125 0.060546875 0.0595703125
2 0.3955078125 0.2939453125 0.1044921875 0.0703125
2 0.6904296875 0.2744140625 0.0908203125 0.0703125
2 0.3359375 0.2978515625 0.056640625 0.0673828125
2 0.845703125 0.271484375 0.0751953125 0.056640625
2 0.86328125 0.234375 0.0703125 0.048828125
2 0.8291015625 0.646484375 0.0390625 0.060546875
2 0.166015625 0.4169921875 0.107421875 0.1455078125