1 0.11328125 0.6875 0.2255859375 0.2666015625
1 0.23046875 0.7919921875 0.4609375 0.318359375
1 0.375 0.828125 0.4541015625 0.25
1 0.58984375 0.84375 0.3369140625 0.2041015625
1 0.78515625 0.87109375 0.4130859375 0.1630859375
1 0.8056640625 0.7119140625 0.375 0.375
1 0.75390625 0.5869140625 0.4755859375 0.2978515625
1 0.9619140625 0.37109375 0.0625 0.1494140625
1 0.8505859375 0.4619140625 0.1728515625 0.09375
1 0.8818359375 0.375 0.09375 0.0625
1 0.73828125 0.5068359375 0.0869140625 0.15625
1 0.546875 0.4931640625 0.2666015625 0.125
1 0.57421875 0.55859375 0.2568359375 0.1494140625
1 0.74609375 0.36328125 0.3369140625 0.2431640625
1 0.5556640625 0.35546875 0.6416015625 0.3193359375
1 0.41796875 0.421875 0.3056640625 0.2666015625
1 0.09375 0.53515625 0.1875 0.1943359375
1 0.23046875 0.48046875 0.1181640625 0.1630859375
1 0.0712890625 0.1728515625 0.1416015625 0.220703125
1 0.19140625 0.2880859375 0.3818359375 0.2978515625
1 0.5693359375 0.16015625 0.3916015625 0.0693359375
1 0.56640625 0.234375 0.3505859375 0.1875
1 0.4130859375 0.42578125 0.28125 0.1806640625