4 0.158203125 0.7958984375 0.181640625 0.40625
4 0.3154296875 0.787109375 0.205078125 0.419921875
4 0.4697265625 0.7734375 0.205078125 0.3857421875
4 0.638671875 0.7822265625 0.1953125 0.369140625
4 0.787109375 0.765625 0.173828125 0.302734375
4 0.9248046875 0.748046875 0.150390625 0.244140625
4 0.8671875 0.267578125 0.2080078125 0.4423828125
4 0.71875 0.271484375 0.1904296875 0.490234375
4 0.5546875 0.279296875 0.2265625 0.5205078125
4 0.396484375 0.283203125 0.1982421875 0.5546875
4 0.248046875 0.30078125 0.208984375 0.5361328125
4 0.099609375 0.3310546875 0.1982421875 0.568359375