1 0.65625 0.0869140625 0.2666015625 0.1728515625
1 0.65625 0.2744140625 0.2666015625 0.1875
1 0.66796875 0.46484375 0.2744140625 0.1943359375
1 0.67578125 0.66796875 0.2880859375 0.2119140625
1 0.66796875 0.8818359375 0.2568359375 0.21875
1 0.4052734375 0.08984375 0.236328125 0.1796875
1 0.40234375 0.27734375 0.2255859375 0.1943359375
1 0.41015625 0.4755859375 0.2255859375 0.1875
1 0.41796875 0.66796875 0.2255859375 0.1806640625
1 0.40625 0.8681640625 0.21875 0.2041015625
1 0.17578125 0.109375 0.2255859375 0.1875
1 0.17578125 0.29296875 0.2255859375 0.1806640625
1 0.17578125 0.47265625 0.2431640625 0.1943359375
1 0.171875 0.671875 0.2353515625 0.1875
1 0.16796875 0.85546875 0.2255859375 0.1943359375
1 0.03515625 0.19140625 0.0693359375 0.1494140625
1 0.03125 0.33203125 0.0625 0.1181640625
1 0.02734375 0.4833984375 0.0546875 0.173828125
1 0.02734375 0.6669921875 0.0546875 0.193359375
1 0.0244140625 0.8681640625 0.0478515625 0.1875
1 0.90625 0.89453125 0.1728515625 0.1943359375
1 0.88671875 0.6943359375 0.1494140625 0.2353515625
1 0.97265625 0.734375 0.0380859375 0.2041015625
1 0.96484375 0.52734375 0.0556640625 0.2255859375
1 0.953125 0.25390625 0.0791015625 0.3056640625
1 0.94140625 0.0712890625 0.103515625 0.1416015625
1 0.85546875 0.203125 0.1318359375 0.2978515625
1 0.87109375 0.44921875 0.1318359375 0.2744140625
1 0.8369140625 0.0244140625 0.09375 0.0478515625