1 0.6875 0.9306640625 0.6103515625 0.125
1 0.46875 0.76953125 0.3291015625 0.4443359375
1 0.7255859375 0.625 0.53125 0.5625
1 0.17578125 0.70703125 0.3505859375 0.5693359375
1 0.69921875 0.44921875 0.5869140625 0.3369140625
1 0.828125 0.34375 0.3291015625 0.2978515625
1 0.83984375 0.16796875 0.2744140625 0.2119140625
1 0.7841796875 0.04296875 0.255859375 0.0859375
1 0.91015625 0.07421875 0.0869140625 0.0693359375
1 0.50390625 0.1005859375 0.1181640625 0.1416015625
1 0.5556640625 0.19921875 0.3125 0.3193359375
1 0.3681640625 0.33984375 0.1875 0.3505859375
1 0.3779296875 0.07421875 0.150390625 0.1484375
1 0.53125 0.0625 0.2666015625 0.125
1 0.23046875 0.2216796875 0.4609375 0.443359375
1 0.2119140625 0.3193359375 0.4228515625 0.6103515625
1 0.49609375 0.49609375 0.9921875 0.9921875