1 0.82421875 0.6494140625 0.3369140625 0.6875
1 0.95703125 0.34765625 0.0693359375 0.1630859375
1 0.83203125 0.265625 0.0869140625 0.1103515625
1 0.91796875 0.2744140625 0.1494140625 0.1396484375
1 0.92578125 0.140625 0.1318359375 0.15625
1 0.62890625 0.484375 0.1181640625 0.2041015625
1 0.65625 0.66015625 0.09375 0.1318359375
1 0.6875 0.828125 0.09375 0.1875
1 0.703125 0.94921875 0.0791015625 0.0869140625
1 0.546875 0.88671875 0.2353515625 0.2119140625
1 0.5625 0.71484375 0.2041015625 0.2880859375
1 0.46484375 0.94140625 0.2119140625 0.1005859375
1 0.29296875 0.9619140625 0.1630859375 0.0625
1 0.296875 0.89453125 0.1728515625 0.1005859375
1 0.3193359375 0.82421875 0.2041015625 0.1806640625
1 0.3681640625 0.734375 0.1103515625 0.1103515625
1 0.47265625 0.53125 0.1806640625 0.125
1 0.55859375 0.46875 0.0556640625 0.0791015625
1 0.56640625 0.41015625 0.1181640625 0.1181640625
1 0.51171875 0.34375 0.0556640625 0.0625
1 0.56640625 0.33984375 0.0693359375 0.0693359375
1 0.6318359375 0.3056640625 0.125 0.125
1 0.37109375 0.28515625 0.2568359375 0.3193359375
1 0.45703125 0.37109375 0.1943359375 0.2255859375
1 0.75390625 0.1494140625 0.1318359375 0.0791015625
1 0.71484375 0.22265625 0.0693359375 0.0380859375
1 0.46484375 0.09375 0.1005859375 0.0478515625
1 0.20703125 0.20703125 0.1318359375 0.1005859375
1 0.06640625 0.33203125 0.1181640625 0.1181640625
1 0.1630859375 0.41015625 0.2021484375 0.2119140625
1 0.2255859375 0.265625 0.09375 0.09375
1 0.3505859375 0.65234375 0.25 0.4931640625
1 0.10546875 0.787109375 0.2109375 0.296875
1 0.15234375 0.5869140625 0.1181640625 0.21875
1 0.12109375 0.9296875 0.2421875 0.125
1 0.05078125 0.58203125 0.1005859375 0.1494140625