4 0.0849609375 0.7099609375 0.169921875 0.419921875
4 0.236328125 0.7490234375 0.197265625 0.4375
4 0.3896484375 0.771484375 0.1982421875 0.390625
4 0.552734375 0.8203125 0.1875 0.359375
4 0.7001953125 0.849609375 0.1689453125 0.2998046875
4 0.85546875 0.87890625 0.181640625 0.2421875
4 0.9033203125 0.3984375 0.193359375 0.447265625
4 0.76171875 0.361328125 0.1845703125 0.4970703125
4 0.599609375 0.322265625 0.216796875 0.525390625
4 0.4462890625 0.2861328125 0.189453125 0.5517578125
4 0.296875 0.2666015625 0.2001953125 0.521484375
4 0.1474609375 0.265625 0.1923828125 0.529296875