2 0.3837890625 0.20703125 0.107421875 0.1904296875
2 0.2958984375 0.6650390625 0.1044921875 0.1533203125
2 0.6806640625 0.6748046875 0.134765625 0.1689453125
2 0.1103515625 0.068359375 0.111328125 0.1279296875
2 0.556640625 0.5283203125 0.126953125 0.1826171875
2 0.9453125 0.6513671875 0.09375 0.125
2 0.041015625 0.564453125 0.064453125 0.1279296875
2 0.3720703125 0.818359375 0.091796875 0.1279296875
2 0.3095703125 0.130859375 0.0751953125 0.109375
2 0.884765625 0.94140625 0.060546875 0.107421875
2 0.107421875 0.9228515625 0.109375 0.1357421875
2 0.3359375 0.47265625 0.1044921875 0.2060546875
2 0.064453125 0.1650390625 0.0654296875 0.1376953125
2 0.2255859375 0.3408203125 0.0703125 0.109375
2 0.853515625 0.24609375 0.0625 0.134765625
2 0.203125 0.24609375 0.076171875 0.109375
2 0.1953125 0.8779296875 0.0810546875 0.0908203125
2 0.556640625 0.1953125 0.0908203125 0.1357421875
2 0.8154296875 0.345703125 0.0517578125 0.1015625
2 0.7080078125 0.515625 0.099609375 0.138671875
2 0.5869140625 0.3505859375 0.103515625 0.1591796875
2 0.072265625 0.853515625 0.052734375 0.09375
2 0.2978515625 0.939453125 0.0703125 0.1142578125
2 0.5263671875 0.576171875 0.064453125 0.0986328125
2 0.759765625 0.328125 0.080078125 0.1044921875
2 0.193359375 0.525390625 0.111328125 0.173828125
2 0.064453125 0.2763671875 0.0751953125 0.1142578125
2 0.5009765625 0.0615234375 0.0654296875 0.0908203125
2 0.560546875 0.6923828125 0.0703125 0.1015625
2 0.7236328125 0.099609375 0.087890625 0.142578125
2 0.419921875 0.0595703125 0.087890625 0.1064453125
2 0.7685546875 0.9404296875 0.076171875 0.1142578125
2 0.1015625 0.689453125 0.072265625 0.1220703125
2 0.6708984375 0.9423828125 0.0830078125 0.1142578125
2 0.8916015625 0.318359375 0.0595703125 0.099609375
2 0.0302734375 0.666015625 0.060546875 0.125
2 0.4951171875 0.1357421875 0.068359375 0.1142578125
2 0.138671875 0.205078125 0.0546875 0.0888671875
2 0.931640625 0.22265625 0.1015625 0.1748046875
2 0.966796875 0.044921875 0.056640625 0.076171875
2 0.9052734375 0.537109375 0.0986328125 0.1376953125
2 0.9736328125 0.5126953125 0.052734375 0.126953125
2 0.9150390625 0.3583984375 0.0703125 0.1201171875
2 0.7744140625 0.21875 0.060546875 0.103515625
2 0.720703125 0.220703125 0.0703125 0.0888671875
2 0.466796875 0.3125 0.064453125 0.1142578125
2 0.59765625 0.904296875 0.0966796875 0.1298828125
2 0.0732421875 0.783203125 0.0673828125 0.099609375
2 0.1337890625 0.3447265625 0.060546875 0.109375
2 0.2763671875 0.0703125 0.1015625 0.1328125
2 0.02734375 0.4404296875 0.0546875 0.138671875
2 0.853515625 0.712890625 0.095703125 0.1357421875
2 0.2021484375 0.6728515625 0.064453125 0.0908203125
2 0.22265625 0.95703125 0.0546875 0.0830078125
2 0.98046875 0.85546875 0.0390625 0.1455078125
2 0.4541015625 0.8544921875 0.1015625 0.203125
2 0.4873046875 0.701171875 0.0576171875 0.099609375
2 0.7939453125 0.810546875 0.060546875 0.111328125
2 0.0869140625 0.412109375 0.162109375 0.3173828125
2 0.41015625 0.8486328125 0.0732421875 0.1328125
2 0.923828125 0.7685546875 0.0703125 0.1064453125
2 0.796875 0.123046875 0.0673828125 0.1064453125
2 0.4951171875 0.2294921875 0.0830078125 0.126953125
2 0.123046875 0.8447265625 0.060546875 0.0859375
2 0.22265625 0.1708984375 0.0498046875 0.0703125
2 0.3251953125 0.037109375 0.060546875 0.07421875
2 0.5654296875 0.8291015625 0.0703125 0.1123046875
2 0.3740234375 0.9365234375 0.0625 0.0888671875
2 0.703125 0.837890625 0.0703125 0.115234375
2 0.693359375 0.4189453125 0.0576171875 0.1142578125
2 0.951171875 0.880859375 0.064453125 0.0888671875
2 0.2685546875 0.802734375 0.064453125 0.0966796875
2 0.771484375 0.4267578125 0.0673828125 0.109375
2 0.4365234375 0.5234375 0.064453125 0.087890625
2 0.029296875 0.095703125 0.046875 0.0751953125
2 0.91796875 0.126953125 0.052734375 0.091796875
2 0.6240234375 0.052734375 0.0498046875 0.0908203125
2 0.341796875 0.841796875 0.044921875 0.0732421875
2 0.5458984375 0.9638671875 0.0732421875 0.068359375
2 0.8388671875 0.4501953125 0.068359375 0.115234375
2 0.0263671875 0.904296875 0.052734375 0.0908203125
2 0.943359375 0.8310546875 0.064453125 0.1044921875
2 0.427734375 0.724609375 0.0595703125 0.1015625
2 0.1396484375 0.685546875 0.0576171875 0.111328125
2 0.962890625 0.953125 0.0732421875 0.09375
2 0.4267578125 0.6630859375 0.0517578125 0.0888671875
2 0.8359375 0.8427734375 0.046875 0.0908203125
2 0.826171875 0.91796875 0.076171875 0.1279296875
2 0.291015625 0.2236328125 0.0751953125 0.115234375
2 0.8603515625 0.3828125 0.052734375 0.083984375
2 0.076171875 0.966796875 0.046875 0.0654296875
2 0.2197265625 0.84375 0.076171875 0.0986328125
2 0.9814453125 0.134765625 0.033203125 0.0625
2 0.2744140625 0.697265625 0.041015625 0.0703125
2 0.0283203125 0.2333984375 0.0546875 0.0673828125
2 0.173828125 0.333984375 0.0517578125 0.0751953125
2 0.193359375 0.935546875 0.0732421875 0.064453125
2 0.98046875 0.181640625 0.0390625 0.0908203125
2 0.9814453125 0.39453125 0.037109375 0.134765625
2 0.5390625 0.9287109375 0.0625 0.060546875
2 0.021484375 0.79296875 0.0390625 0.078125