1 0.5888671875 0.2763671875 0.814453125 0.26171875
1 0.4208984375 0.4052734375 0.67578125 0.2666015625
1 0.5693359375 0.638671875 0.7666015625 0.470703125
1 0.5927734375 0.236328125 0.8076171875 0.1611328125
1 0.5927734375 0.26953125 0.8076171875 0.146484375
1 0.59765625 0.2861328125 0.7978515625 0.1318359375
1 0.59765625 0.306640625 0.791015625 0.1201171875
1 0.55859375 0.33203125 0.69921875 0.1201171875
1 0.4208984375 0.357421875 0.66796875 0.1494140625
1 0.4228515625 0.435546875 0.6630859375 0.0263671875
1 0.4228515625 0.462890625 0.6630859375 0.029296875
1 0.419921875 0.484375 0.6630859375 0.0263671875
1 0.4228515625 0.517578125 0.65625 0.03125
1 0.5556640625 0.47265625 0.63671875 0.1103515625
1 0.552734375 0.55078125 0.6318359375 0.0244140625
1 0.5556640625 0.560546875 0.6298828125 0.0263671875
1 0.552734375 0.5625 0.720703125 0.060546875
1 0.5673828125 0.7333984375 0.748046875 0.271484375
1 0.580078125 0.6728515625 0.728515625 0.1396484375
1 0.5693359375 0.67578125 0.7353515625 0.15625