1 0.53125 0.57421875 0.4853515625 0.6181640625
1 0.6318359375 0.49609375 0.21875 0.1806640625
1 0.625 0.328125 0.21875 0.28125
1 0.44140625 0.1875 0.1494140625 0.25
1 0.55078125 0.1943359375 0.1005859375 0.1708984375
1 0.37109375 0.3193359375 0.1318359375 0.1728515625
1 0.4375 0.3994140625 0.15625 0.1728515625
1 0.48046875 0.484375 0.0869140625 0.1875
1 0.3818359375 0.53515625 0.1103515625 0.1318359375
1 0.33203125 0.51953125 0.0556640625 0.1181640625
1 0.34765625 0.23828125 0.0869140625 0.1005859375