1 0.7861328125 0.546875 0.197265625 0.166015625
1 0.646484375 0.5537109375 0.158203125 0.1806640625
1 0.7255859375 0.4384765625 0.208984375 0.103515625
1 0.783203125 0.703125 0.208984375 0.1494140625
1 0.63671875 0.70703125 0.115234375 0.14453125
1 0.798828125 0.8583984375 0.2021484375 0.1708984375
1 0.646484375 0.853515625 0.126953125 0.1611328125
1 0.478515625 0.2138671875 0.271484375 0.251953125
1 0.4833984375 0.39453125 0.279296875 0.220703125
1 0.458984375 0.59765625 0.2333984375 0.216796875
1 0.357421875 0.8173828125 0.3125 0.2431640625
1 0.5478515625 0.8193359375 0.0693359375 0.216796875
1 0.3056640625 0.4794921875 0.091796875 0.11328125
1 0.2646484375 0.5947265625 0.158203125 0.126953125
1 0.2666015625 0.79296875 0.1708984375 0.2568359375
1 0.12109375 0.734375 0.1201171875 0.1201171875
1 0.1201171875 0.8505859375 0.125 0.125