1 0.5359375 0.61875 0.83671875 0.53125
1 0.77734375 0.41484375 0.30546875 0.28125
1 0.65390625 0.45078125 0.35078125 0.30546875
1 0.5640625 0.43046875 0.46875 0.4234375
1 0.53828125 0.34375 0.2984375 0.3609375
1 0.41328125 0.34765625 0.3265625 0.36796875
1 0.2984375 0.54296875 0.1390625 0.08671875
1 0.25 0.3921875 0.1734375 0.2359375
1 0.0984375 0.26953125 0.1921875 0.3703125
1 0.24765625 0.22578125 0.35078125 0.3125
1 0.5046875 0.1109375 0.21171875 0.125
1 0.22734375 0.2390625 0.34375 0.38203125
