4 0.7078125 0.10078125 0.1515625 0.16328125
4 0.66328125 0.12265625 0.0625 0.0765625
4 0.609375 0.11796875 0.0359375 0.0578125
4 0.65390625 0.1390625 0.125 0.134375
4 0.65625 0.2453125 0.0484375 0.053125
4 0.6609375 0.334375 0.0484375 0.053125
4 0.6109375 0.3703125 0.04296875 0.053125
4 0.7046875 0.25 0.15390625 0.09609375
4 0.71171875 0.3703125 0.134375 0.134375
4 0.6625 0.3921875 0.1421875 0.10546875
4 0.4828125 0.6203125 0.5484375 0.1109375
4 0.44921875 0.709375 0.53359375 0.10078125
4 0.59140625 0.759375 0.40859375 0.134375
4 0.49296875 0.9171875 0.58203125 0.1609375
4 0.33203125 0.8375 0.2984375 0.103125
4 0.22578125 0.625 0.03828125 0.0578125
4 0.19921875 0.69921875 0.04296875 0.0625
4 0.415625 0.7640625 0.0671875 0.0625
4 0.2046875 0.85703125 0.04296875 0.05078125
4 0.21484375 0.9203125 0.03125 0.053125