4 0.19921875 0.72578125 0.0671875 0.09609375
4 0.25234375 0.571875 0.04296875 0.10546875
4 0.05625 0.51171875 0.06953125 0.09609375
4 0.2609375 0.125 0.06015625 0.08203125
4 0.134375 0.10234375 0.053125 0.06015625
4 0.4375 0.12265625 0.053125 0.10078125
4 0.6390625 0.16796875 0.053125 0.08203125
4 0.6546875 0.08203125 0.05078125 0.0765625
4 0.55546875 0.17421875 0.0578125 0.06015625
4 0.7953125 0.70546875 0.0578125 0.0890625
4 0.7453125 0.6609375 0.0578125 0.071875
4 0.759375 0.91328125 0.0484375 0.10078125
4 0.90859375 0.87265625 0.03828125 0.0765625
4 0.978125 0.4046875 0.03828125 0.06015625
4 0.896875 0.26953125 0.04296875 0.14453125
4 0.6453125 0.68515625 0.05078125 0.08203125
4 0.553125 0.64921875 0.053125 0.09609375
4 0.60546875 0.83203125 0.04296875 0.053125
4 0.67578125 0.96484375 0.0578125 0.06015625
4 0.05625 0.7984375 0.06484375 0.14453125
4 0.37265625 0.5359375 0.0578125 0.071875
4 0.44453125 0.65625 0.0578125 0.071875
4 0.4953125 0.5453125 0.0625 0.0765625
4 0.07578125 0.14453125 0.05078125 0.14453125
4 0.0625 0.39296875 0.04296875 0.06015625
4 0.978125 0.68515625 0.03828125 0.071875
4 0.97109375 0.821875 0.053125 0.34609375
4 0.8953125 0.90859375 0.103125 0.1734375
4 0.91796875 0.7171875 0.08671875 0.209375
4 0.96875 0.509375 0.0578125 0.26953125
4 0.9703125 0.1890625 0.05546875 0.37265625
4 0.9234375 0.4734375 0.08671875 0.27890625
4 0.928125 0.22109375 0.10078125 0.22578125
4 0.9046875 0.08203125 0.0890625 0.15859375
4 0.8765625 0.59609375 0.06953125 0.16796875
4 0.84609375 0.696875 0.0671875 0.15390625
4 0.83203125 0.86796875 0.0765625 0.23046875
4 0.84609375 0.15859375 0.14921875 0.3125
4 0.803125 0.321875 0.1734375 0.2015625
4 0.80625 0.5515625 0.146875 0.25703125
4 0.7515625 0.78125 0.103125 0.3703125
4 0.728125 0.61796875 0.1296875 0.696875
4 0.70703125 0.1109375 0.08671875 0.22109375
4 0.678125 0.3765625 0.10078125 0.2859375
4 0.6578125 0.06953125 0.0453125 0.134375
4 0.634375 0.10234375 0.0671875 0.19921875
4 0.56484375 0.1109375 0.08671875 0.22109375
4 0.60078125 0.32421875 0.08203125 0.20703125
4 0.5171875 0.1984375 0.08203125 0.3921875
4 0.47578125 0.37734375 0.09609375 0.4234375
4 0.56015625 0.521875 0.08203125 0.1734375
4 0.63828125 0.5484375 0.05078125 0.071875
4 0.6078125 0.66484375 0.1109375 0.31484375
4 0.61796875 0.90234375 0.115625 0.18515625
4 0.45703125 0.08515625 0.09609375 0.165625
4 0.384375 0.4859375 0.02890625 0.0765625
4 0.04921875 0.21640625 0.09375 0.428125
4 0.2640625 0.884375 0.1109375 0.22109375
4 0.36796875 0.8890625 0.08671875 0.20703125
4 0.37265625 0.74765625 0.09609375 0.4953125
4 0.4796875 0.88203125 0.13671875 0.22578125
4 0.4546875 0.7984375 0.053125 0.22578125
4 0.50859375 0.696875 0.084375 0.2015625
4 0.37265625 0.2546875 0.1296875 0.5046875
4 0.1765625 0.83203125 0.11796875 0.3265625
4 0.2765625 0.65859375 0.14453125 0.26953125
4 0.31875 0.47109375 0.05078125 0.1203125
4 0.30625 0.06953125 0.1078125 0.134375
4 0.31953125 0.30625 0.08671875 0.43515625
4 0.24609375 0.275 0.084375 0.23828125
4 0.22265625 0.08515625 0.06953125 0.165625
4 0.115625 0.1453125 0.03828125 0.1609375
4 0.17421875 0.38125 0.146875 0.38203125
4 0.146875 0.0984375 0.10078125 0.196875
4 0.0140625 0.6359375 0.02421875 0.478125
4 0.00703125 0.821875 0.0140625 0.1296875
4 0.0765625 0.8890625 0.1390625 0.20703125
4 0.0515625 0.571875 0.06484375 0.22578125
4 0.5 0.49765625 0.9953125 0.9953125