0 0.1109375 0.23828125 0.03359375 0.23046875
0 0.14765625 0.28125 0.06484375 0.27421875
0 0.18046875 0.303125 0.0578125 0.303125
0 0.24609375 0.28828125 0.06484375 0.2453125
0 0.21875 0.13671875 0.0671875 0.04296875
0 0.2171875 0.37890625 0.05546875 0.396875
0 0.2859375 0.53359375 0.1203125 0.3890625
0 0.26171875 0.490625 0.04296875 0.21640625
0 0.33203125 0.3390625 0.1109375 0.375
0 0.41015625 0.27734375 0.03125 0.209375
0 0.45546875 0.521875 0.18984375 0.66796875
0 0.5171875 0.259375 0.0484375 0.15859375
0 0.4546875 0.1515625 0.0484375 0.04296875
0 0.5890625 0.72109375 0.10546875 0.446875
0 0.5984375 0.353125 0.10078125 0.375
0 0.678125 0.1296875 0.10546875 0.04296875
0 0.69921875 0.41328125 0.10078125 0.4515625
0 0.7203125 0.27734375 0.05546875 0.19453125
0 0.78125 0.33203125 0.1203125 0.3171875
0 0.8390625 0.23046875 0.04296875 0.14453125
0 0.865625 0.36796875 0.0484375 0.3890625
0 0.90390625 0.2703125 0.02421875 0.209375
