1 0.4921875 0.13671875 0.1875 0.2734375
1 0.6421875 0.31015625 0.1390625 0.27421875
1 0.359375 0.40234375 0.21875 0.24296875
1 0.33984375 0.59375 0.24296875 0.25
1 0.19921875 0.82578125 0.10078125 0.18046875
1 0.32421875 0.81640625 0.16328125 0.25703125
1 0.4890625 0.82578125 0.18046875 0.30546875
1 0.6421875 0.85703125 0.1875 0.25703125
1 0.78125 0.60234375 0.1390625 0.28125
1 0.77421875 0.84140625 0.125 0.22578125
1 0.64453125 0.58203125 0.16328125 0.28828125
1 0.5046875 0.60078125 0.16328125 0.2015625
1 0.5046875 0.3953125 0.22578125 0.24296875
