3 0.16328125 0.07578125 0.3171875 0.1421875
3 0.17421875 0.2234375 0.3390625 0.16796875
3 0.0671875 0.328125 0.1203125 0.2328125
3 0.0984375 0.35546875 0.1875 0.2359375
3 0.25703125 0.36796875 0.20703125 0.14453125
3 0.44921875 0.334375 0.196875 0.1390625
3 0.446875 0.20546875 0.2359375 0.12734375
3 0.4546875 0.0765625 0.28359375 0.14453125
3 0.43125 0.0578125 0.26171875 0.1109375
3 0.696875 0.0484375 0.21171875 0.08671875
3 0.89375 0.0625 0.2125 0.115625
3 0.69140625 0.084375 0.25703125 0.15859375
3 0.64921875 0.21171875 0.14921875 0.10078125
3 0.86640625 0.14921875 0.25703125 0.115625
3 0.8265625 0.24140625 0.20703125 0.084375
3 0.65625 0.25703125 0.15390625 0.0671875
3 0.4515625 0.3234375 0.1921875 0.0984375
3 0.1296875 0.50234375 0.15859375 0.0578125
3 0.0671875 0.59375 0.1203125 0.08671875
3 0.053125 0.51171875 0.09140625 0.09140625
3 0.16328125 0.57421875 0.1734375 0.09140625
3 0.16484375 0.49765625 0.0984375 0.0765625
3 0.23828125 0.5140625 0.09140625 0.134375
3 0.09765625 0.65625 0.18046875 0.053125
3 0.18984375 0.66796875 0.071875 0.0625
3 0.26171875 0.6828125 0.0765625 0.0625
3 0.3125 0.72578125 0.0671875 0.0484375
3 0.19453125 0.775 0.2359375 0.05078125
3 0.26171875 0.60234375 0.0765625 0.084375
3 0.3078125 0.58203125 0.0765625 0.09140625
3 0.3421875 0.53984375 0.13671875 0.084375
3 0.2984375 0.453125 0.1921875 0.12734375
3 0.4625 0.43984375 0.13671875 0.10546875
3 0.634375 0.31953125 0.1734375 0.1390625
3 0.78828125 0.30078125 0.1875 0.0671875
3 0.7546875 0.35546875 0.16328125 0.08203125
3 0.7328125 0.42578125 0.15390625 0.071875
3 0.59609375 0.4828125 0.15390625 0.0765625
3 0.59140625 0.4328125 0.1296875 0.08203125
3 0.540625 0.53515625 0.08671875 0.05078125
3 0.4515625 0.5359375 0.125 0.071875
3 0.453125 0.5890625 0.0984375 0.0625
3 0.3703125 0.59765625 0.08203125 0.06484375
3 0.3609375 0.64453125 0.0671875 0.0578125
3 0.45703125 0.640625 0.071875 0.0359375
3 0.51171875 0.6203125 0.071875 0.0484375
3 0.5359375 0.57109375 0.0765625 0.05078125
3 0.5671875 0.6109375 0.08203125 0.0578125
3 0.61796875 0.55546875 0.1203125 0.0671875
3 0.6875 0.4828125 0.115625 0.0671875
3 0.76171875 0.46640625 0.125 0.10078125
3 0.87734375 0.38828125 0.1921875 0.084375
3 0.9046875 0.34609375 0.18515625 0.053125
3 0.921875 0.271875 0.1515625 0.14453125
3 0.9578125 0.415625 0.0796875 0.10078125
3 0.8921875 0.45078125 0.15390625 0.0984375
3 0.9328125 0.49765625 0.09140625 0.0625
3 0.83203125 0.5359375 0.08671875 0.071875
3 0.75234375 0.52890625 0.125 0.0765625
3 0.7015625 0.56484375 0.071875 0.04296875
3 0.696875 0.603125 0.1921875 0.0765625
3 0.8421875 0.625 0.0984375 0.0484375
3 0.921875 0.5921875 0.1515625 0.06953125
3 0.88671875 0.5578125 0.1734375 0.0765625
3 0.96015625 0.490625 0.07421875 0.125
3 0.4421875 0.678125 0.0671875 0.03828125
3 0.46875 0.696875 0.03828125 0.03359375
3 0.37734375 0.70546875 0.053125 0.05078125
3 0.7328125 0.69453125 0.1734375 0.08671875