2 0.72109375 0.19140625 0.28359375 0.25703125
2 0.6359375 0.4234375 0.31953125 0.22109375
2 0.5140625 0.3453125 0.2359375 0.209375
2 0.240625 0.521875 0.21171875 0.21171875
2 0.24609375 0.78125 0.209375 0.2359375
2 0.6265625 0.61328125 0.26171875 0.25
0 0.53984375 0.209375 0.084375 0.1875
0 0.44921875 0.634375 0.08203125 0.1734375
0 0.10546875 0.5578125 0.0671875 0.15390625
0 0.10078125 0.80859375 0.0578125 0.1421875
1 0.3296875 0.6875 0.09609375 0.509375
1 0.521875 0.8375 0.28828125 0.209375
1 0.4 0.58671875 0.0359375 0.29296875
1 0.4515625 0.5015625 0.0578125 0.09375
