4 0.134375 0.9265625 0.1875 0.13671875
4 0.03125 0.88828125 0.053125 0.2140625
4 0.06484375 0.86640625 0.09140625 0.11328125
4 0.16796875 0.73046875 0.1921875 0.1734375
4 0.08203125 0.7765625 0.01953125 0.04296875
4 0.15859375 0.66484375 0.03828125 0.06484375
4 0.13671875 0.64453125 0.04296875 0.071875
4 0.0671875 0.68984375 0.10546875 0.08203125
4 0.0265625 0.71171875 0.01953125 0.02890625
4 0.15390625 0.43046875 0.0625 0.16796875
4 0.2140625 0.4515625 0.0625 0.1296875
4 0.2484375 0.56953125 0.05078125 0.125
4 0.25703125 0.446875 0.0671875 0.09609375
4 0.25703125 0.3609375 0.10546875 0.10078125
4 0.28828125 0.4078125 0.0484375 0.0890625
4 0.3484375 0.37265625 0.08203125 0.23046875
4 0.34765625 0.49765625 0.12734375 0.14921875
4 0.290625 0.54921875 0.03359375 0.0359375
4 0.3375 0.74296875 0.0265625 0.053125
4 0.265625 0.94453125 0.0265625 0.053125
4 0.27890625 0.9828125 0.02421875 0.02421875
4 0.303125 0.9734375 0.0625 0.04296875
4 0.38203125 0.80625 0.259375 0.31484375
4 0.7046875 0.77421875 0.2640625 0.178125
4 0.6921875 0.62734375 0.20703125 0.14921875
4 0.59375 0.68515625 0.03828125 0.0484375
4 0.59140625 0.66328125 0.16328125 0.29296875
4 0.81640625 0.90625 0.0265625 0.0484375
4 0.74375 0.9390625 0.18046875 0.11328125
4 0.81484375 0.8578125 0.02421875 0.0484375
4 0.75703125 0.875 0.134375 0.09609375
4 0.69921875 0.8484375 0.1390625 0.196875
4 0.6109375 0.946875 0.0765625 0.09609375
4 0.9328125 0.82109375 0.1296875 0.165625
4 0.90859375 0.69609375 0.178125 0.15625
4 0.86328125 0.625 0.1296875 0.16796875
4 0.7671875 0.521875 0.1390625 0.196875
4 0.6625 0.48046875 0.06953125 0.125
4 0.61640625 0.35546875 0.0265625 0.02890625
4 0.60546875 0.38671875 0.0484375 0.08203125
4 0.52421875 0.4328125 0.1828125 0.1734375
4 0.42421875 0.37890625 0.06953125 0.0890625
4 0.4421875 0.475 0.0484375 0.0890625
4 0.453125 0.5015625 0.0171875 0.0359375
4 0.55078125 0.53359375 0.1109375 0.0765625
4 0.7015625 0.39453125 0.09609375 0.1203125
4 0.71640625 0.2140625 0.1875 0.22578125
4 0.6390625 0.3015625 0.03828125 0.06484375
4 0.665625 0.17578125 0.1734375 0.1734375
4 0.59375 0.2125 0.01953125 0.06484375
4 0.65625 0.11328125 0.2359375 0.1203125
4 0.54296875 0.22578125 0.125 0.10546875
4 0.4421875 0.15234375 0.16796875 0.11328125
4 0.46875 0.2984375 0.1734375 0.1296875
4 0.5921875 0.3609375 0.2140625 0.10078125
4 0.884375 0.5265625 0.10546875 0.10078125
4 0.859375 0.43984375 0.09375 0.08203125
4 0.77265625 0.38203125 0.06015625 0.1203125
4 0.85546875 0.29296875 0.0671875 0.25
4 0.82578125 0.10078125 0.13671875 0.178125
4 0.8609375 0.01171875 0.06875 0.0234375
4 0.746875 0.0296875 0.096875 0.059375
4 0.90859375 0.06484375 0.04296875 0.071875
4 0.8921875 0.18046875 0.0625 0.10546875
4 0.9734375 0.19609375 0.0484375 0.1078125
4 0.9640625 0.10703125 0.071875 0.2140625
4 0.9375 0.19140625 0.01953125 0.0359375
4 0.9515625 0.071875 0.02890625 0.08203125
4 0.9421875 0.04453125 0.04296875 0.0890625
4 0.93359375 0.2640625 0.09375 0.10078125
4 0.93984375 0.36328125 0.09140625 0.16796875
4 0.9859375 0.396875 0.02421875 0.115625
4 0.9515625 0.4375 0.0765625 0.10078125
4 0.98203125 0.54453125 0.03125 0.17578125
4 0.978125 0.60078125 0.02421875 0.0484375