1 0.64921875 0.80078125 0.35078125 0.08203125
1 0.3234375 0.7921875 0.28125 0.05546875
1 0.4515625 0.7453125 0.384375 0.1109375
1 0.7234375 0.665625 0.25 0.071875
1 0.5625 0.60546875 0.3265625 0.08203125
1 0.25625 0.65390625 0.2859375 0.0671875
1 0.25625 0.5875 0.2859375 0.06484375
1 0.2515625 0.5203125 0.28125 0.07421875
1 0.6234375 0.5453125 0.4734375 0.09140625
1 0.53359375 0.428125 0.46640625 0.08671875
1 0.3375 0.44140625 0.31015625 0.06484375
1 0.771875 0.3609375 0.26953125 0.08203125
1 0.509375 0.30546875 0.3265625 0.10546875
1 0.26171875 0.3453125 0.2640625 0.0890625
1 0.31640625 0.1390625 0.25703125 0.08203125
1 0.50859375 0.18515625 0.4203125 0.1109375
1 0.209375 0.23828125 0.1921875 0.08203125
1 0.67578125 0.22578125 0.321875 0.09609375
4 0.6703125 0.771875 0.02890625 0.03359375
4 0.47265625 0.7953125 0.040625 0.02890625
4 0.834375 0.7984375 0.02890625 0.02890625
4 0.853125 0.6703125 0.02421875 0.02890625
4 0.875 0.55546875 0.02890625 0.02890625
4 0.78359375 0.4203125 0.0484375 0.03828125
4 0.90390625 0.384375 0.02890625 0.02890625
4 0.50703125 0.4375 0.02890625 0.03828125
4 0.7015625 0.178125 0.02421875 0.03359375
4 0.84375 0.23828125 0.03359375 0.03828125
