0 0.8578125 0.39921875 0.27421875 0.27421875
0 0.821875 0.09609375 0.1828125 0.1921875
0 0.90390625 0.03359375 0.1875 0.0671875
0 0.859375 0.03359375 0.03125 0.0671875
0 0.88203125 0.0890625 0.02421875 0.0671875
0 0.91015625 0.1078125 0.021875 0.071875
0 0.9109375 0.11171875 0.10078125 0.06015625
0 0.9828125 0.1140625 0.02890625 0.0984375
0 0.85078125 0.1515625 0.23046875 0.2015625
0 0.946875 0.2796875 0.10078125 0.0984375
0 0.853125 0.240625 0.0765625 0.1734375
0 0.88828125 0.2765625 0.0796875 0.2359375
0 0.9578125 0.396875 0.021875 0.03828125
0 0.75234375 0.271875 0.1109375 0.115625
0 0.525 0.321875 0.30078125 0.16328125
0 0.603125 0.16796875 0.03359375 0.1921875
0 0.6828125 0.0609375 0.09140625 0.0984375
0 0.68046875 0.16328125 0.1109375 0.1875
0 0.85078125 0.52890625 0.02421875 0.08203125
0 0.875 0.53359375 0.02421875 0.08203125
0 0.9078125 0.5421875 0.1703125 0.0984375
0 0.9046875 0.49296875 0.18515625 0.196875
0 0.77265625 0.5625 0.0796875 0.08671875
0 0.9046875 0.65859375 0.18515625 0.15859375
0 0.96875 0.64921875 0.053125 0.0484375
0 0.915625 0.6203125 0.09609375 0.08203125
0 0.75703125 0.81953125 0.15390625 0.35078125
0 0.771875 0.79296875 0.21640625 0.08671875
0 0.91953125 0.89453125 0.15625 0.2015625
0 0.8609375 0.96875 0.1109375 0.053125
0 0.80546875 0.9328125 0.08671875 0.125
0 0.5796875 0.48203125 0.3125 0.26171875
0 0.7046875 0.4890625 0.0484375 0.103125
0 0.58671875 0.4109375 0.15859375 0.16328125
0 0.553125 0.37265625 0.03828125 0.0765625
0 0.5734375 0.38203125 0.0359375 0.0765625
0 0.6046875 0.41328125 0.0359375 0.071875
0 0.678125 0.39453125 0.23046875 0.15390625
0 0.5828125 0.1609375 0.1421875 0.2015625
0 0.4078125 0.84140625 0.34375 0.3078125
0 0.2359375 0.8453125 0.1390625 0.18046875
0 0.25234375 0.8640625 0.0625 0.0984375
0 0.1109375 0.9328125 0.22109375 0.115625
0 0.0984375 0.90390625 0.196875 0.09609375
0 0.5046875 0.7765625 0.196875 0.28359375
0 0.509375 0.84765625 0.1921875 0.0984375
0 0.09140625 0.0875 0.1828125 0.175
0 0.0796875 0.11328125 0.03828125 0.08203125
0 0.05078125 0.1578125 0.03828125 0.06015625
0 0.21171875 0.05078125 0.053125 0.08671875
0 0.240625 0.0875 0.08203125 0.0984375
0 0.33984375 0.040625 0.1421875 0.08125
0 0.415625 0.03828125 0.0765625 0.04296875
0 0.02890625 0.2671875 0.0578125 0.09140625
0 0.15390625 0.33203125 0.3078125 0.0484375
0 0.025 0.4484375 0.05 0.20625
0 0.39921875 0.96875 0.02890625 0.053125
0 0.4109375 0.9328125 0.02890625 0.125
0 0.4421875 0.94609375 0.02890625 0.0984375
0 0.6734375 0.8796875 0.053125 0.04296875
0 0.6734375 0.915625 0.053125 0.0484375
0 0.671875 0.8390625 0.05078125 0.26953125
0 0.6390625 0.9015625 0.02890625 0.1109375
0 0.509375 0.84140625 0.1921875 0.0765625
0 0.36796875 0.7046875 0.0765625 0.15390625
0 0.3171875 0.6875 0.0671875 0.08203125
0 0.240625 0.6046875 0.23046875 0.18046875
0 0.4859375 0.61328125 0.39921875 0.08671875
0 0.0328125 0.85703125 0.06484375 0.06015625
0 0.09375 0.8484375 0.03828125 0.03359375
0 0.08515625 0.81484375 0.1703125 0.053125
0 0.1390625 0.76171875 0.04296875 0.071875
0 0.0890625 0.86328125 0.0484375 0.25
0 0.12265625 0.7078125 0.1109375 0.103125
0 0.22109375 0.68359375 0.0578125 0.0984375
0 0.2640625 0.5921875 0.1828125 0.13671875
0 0.53359375 0.5578125 0.1828125 0.35078125
0 0.384375 0.4484375 0.21640625 0.0984375
0 0.21875 0.428125 0.22578125 0.16328125
0 0.36875 0.2328125 0.19921875 0.15859375
0 0.4390625 0.08984375 0.196875 0.1796875
0 0.6453125 0.03359375 0.15625 0.0671875
0 0.18984375 0.259375 0.053125 0.08203125
0 0.1203125 0.3703125 0.1390625 0.08203125
0 0.19375 0.428125 0.1703125 0.15390625
0 0.203125 0.38671875 0.021875 0.0484375
0 0.7765625 0.5796875 0.071875 0.1109375
0 0.90390625 0.484375 0.1875 0.18046875
0 0.4984375 0.49765625 0.996875 0.9953125
