0 0.72265625 0.80546875 0.2671875 0.3796875
0 0.93515625 0.734375 0.125 0.521875
0 0.75703125 0.7234375 0.2359375 0.446875
0 0.5328125 0.77734375 0.21875 0.43515625
0 0.3609375 0.8125 0.259375 0.365625
0 0.1078125 0.78359375 0.215625 0.4234375
0 0.33203125 0.75 0.23046875 0.490625
0 0.59609375 0.51171875 0.22578125 0.20703125
0 0.80546875 0.45703125 0.22109375 0.15390625
0 0.95703125 0.41328125 0.08203125 0.1296875
0 0.8703125 0.3296875 0.1921875 0.134375
0 0.97109375 0.2796875 0.053125 0.146875
0 0.93515625 0.1703125 0.125 0.115625
0 0.93046875 0.08046875 0.134375 0.103125
0 0.82109375 0.0328125 0.1609375 0.06484375
0 0.4796875 0.24765625 0.17578125 0.178125
0 0.64921875 0.19921875 0.14453125 0.16796875
0 0.80546875 0.24140625 0.1734375 0.146875
0 0.303125 0.240625 0.1828125 0.16328125
0 0.13203125 0.2828125 0.196875 0.1421875
0 0.30078125 0.33671875 0.1828125 0.1296875
0 0.48046875 0.44453125 0.1875 0.2546875
0 0.678125 0.37734375 0.2015625 0.2015625
0 0.07421875 0.53984375 0.14453125 0.18515625
0 0.10546875 0.47109375 0.20703125 0.2984375
