4 0.83203125 0.36796875 0.1203125 0.08203125
4 0.76171875 0.021875 0.08203125 0.03359375
4 0.91796875 0.0609375 0.15390625 0.11328125
4 0.96171875 0.16015625 0.0671875 0.11328125
4 0.6109375 0.259375 0.51953125 0.240625
4 0.81484375 0.1203125 0.1203125 0.0578125
4 0.7765625 0.0890625 0.1203125 0.0625
4 0.7953125 0.0484375 0.115625 0.08671875
4 0.89921875 0.15859375 0.071875 0.053125
4 0.53984375 0.14296875 0.4640625 0.2765625
4 0.27265625 0.07421875 0.38203125 0.1390625
4 0.4578125 0.03984375 0.103125 0.05078125
4 0.49296875 0.015625 0.0671875 0.021875
4 0.4 0.02265625 0.1421875 0.0359375
4 0.19453125 0.103125 0.2453125 0.15390625
4 0.0578125 0.0890625 0.115625 0.16796875
4 0.11796875 0.259375 0.2359375 0.1734375
4 0.20078125 0.19921875 0.06015625 0.0578125
4 0.22734375 0.25234375 0.06015625 0.053125
4 0.1609375 0.2953125 0.08203125 0.0578125
4 0.26953125 0.35078125 0.27421875 0.14921875
4 0.3109375 0.21875 0.1421875 0.14453125
4 0.1875 0.55078125 0.3703125 0.321875
4 0.10078125 0.38671875 0.2015625 0.15859375
4 0.0359375 0.446875 0.071875 0.16328125
4 0.33046875 0.7453125 0.37734375 0.26953125
4 0.4109375 0.62265625 0.08671875 0.071875
4 0.36796875 0.53515625 0.0765625 0.05078125
4 0.50703125 0.64921875 0.47578125 0.20703125
4 0.37265625 0.41953125 0.053125 0.05078125
4 0.6 0.52890625 0.4640625 0.28828125
4 0.64921875 0.453125 0.4421875 0.18515625
4 0.6109375 0.40390625 0.125 0.15859375
4 0.7046875 0.35546875 0.1296875 0.1296875
4 0.88359375 0.34140625 0.2234375 0.15390625
4 0.896875 0.23828125 0.196875 0.10078125
4 0.87734375 0.41796875 0.2359375 0.0578125
4 0.9328125 0.4640625 0.0484375 0.0484375
4 0.8796875 0.4734375 0.15390625 0.071875
4 0.97109375 0.46171875 0.0484375 0.0578125
4 0.76171875 0.49375 0.2015625 0.11328125
4 0.89296875 0.5796875 0.103125 0.0578125
4 0.84375 0.57421875 0.21171875 0.071875
4 0.9265625 0.521875 0.13671875 0.0765625
4 0.89921875 0.6359375 0.1921875 0.084375
4 0.59140625 0.540625 0.47109375 0.27890625
4 0.8609375 0.72265625 0.26953125 0.11328125
4 0.984375 0.7234375 0.021875 0.10078125
4 0.765625 0.79921875 0.459375 0.18515625
4 0.53828125 0.78125 0.0484375 0.0578125
4 0.5984375 0.68046875 0.27890625 0.1296875
4 0.15859375 0.78515625 0.3171875 0.1609375
4 0.28359375 0.978125 0.0765625 0.02890625
4 0.3609375 0.9125 0.0671875 0.0359375
4 0.40859375 0.95078125 0.071875 0.07421875
4 0.634375 0.93359375 0.0671875 0.05546875
4 0.6875 0.890625 0.02890625 0.0359375
4 0.9390625 0.99140625 0.03125 0.01171875
4 0.96015625 0.9390625 0.07421875 0.11796875
4 0.87890625 0.93984375 0.1078125 0.115625
4 0.7515625 0.9421875 0.2140625 0.1109375
4 0.6625 0.9046875 0.0984375 0.07421875
4 0.55078125 0.865625 0.15859375 0.1109375
4 0.53125 0.91328125 0.16328125 0.0578125
4 0.540625 0.953125 0.2640625 0.0890625
4 0.36875 0.95703125 0.1515625 0.08203125
4 0.17578125 0.9171875 0.3078125 0.146875
4 0.05078125 0.928125 0.10078125 0.1390625
4 0.2078125 0.94921875 0.19921875 0.09609375
4 0.4984375 0.49921875 0.996875 0.9953125