0 0.37890625 0.31015625 0.290625 0.3125
0 0.4171875 0.11875 0.23828125 0.146875
0 0.6765625 0.165625 0.24296875 0.1734375
0 0.91796875 0.72578125 0.15390625 0.1875
0 0.62265625 0.78125 0.428125 0.1921875
0 0.8703125 0.8609375 0.16328125 0.1734375
0 0.93046875 0.90234375 0.134375 0.18984375
0 0.49296875 0.915625 0.2359375 0.16328125
0 0.3234375 0.875 0.24296875 0.16796875
0 0.39921875 0.66328125 0.375 0.259375
0 0.63671875 0.65 0.25 0.1609375
0 0.70078125 0.959375 0.228125 0.0765625
0 0.53984375 0.47734375 0.24296875 0.146875
0 0.7140625 0.484375 0.15859375 0.1609375
0 0.85234375 0.584375 0.2859375 0.125
0 0.9109375 0.45546875 0.16796875 0.165625
0 0.9421875 0.27421875 0.10546875 0.1828125
0 0.88203125 0.27734375 0.1734375 0.18046875
0 0.89453125 0.12734375 0.2015625 0.1109375
0 0.7703125 0.0515625 0.18515625 0.09375
0 0.640625 0.04453125 0.13671875 0.0796875
0 0.30390625 0.26171875 0.396875 0.10078125
0 0.16484375 0.19609375 0.3296875 0.084375
0 0.1515625 0.1140625 0.1203125 0.0796875
0 0.22734375 0.084375 0.13671875 0.115625
0 0.3703125 0.0484375 0.22109375 0.08671875
0 0.5796875 0.3265625 0.22578125 0.134375
0 0.25703125 0.47265625 0.384375 0.2671875
0 0.0984375 0.30859375 0.196875 0.1421875
0 0.0640625 0.08671875 0.12734375 0.09609375
0 0.0375 0.396875 0.07421875 0.071875
0 0.05859375 0.53203125 0.1171875 0.1328125
0 0.13828125 0.734375 0.2765625 0.2765625
0 0.0875 0.871875 0.175 0.25
0 0.209375 0.5828125 0.21640625 0.165625
0 0.89453125 0.1109375 0.2015625 0.21171875
