3 0.06484375 0.1578125 0.1203125 0.30078125
3 0.1921875 0.1203125 0.27421875 0.23046875
3 0.103125 0.5734375 0.196875 0.62265625
3 0.09609375 0.8703125 0.1828125 0.25
3 0.2078125 0.92421875 0.25703125 0.146875
3 0.2953125 0.78515625 0.08671875 0.34375
3 0.259375 0.7390625 0.14921875 0.1421875
3 0.2859375 0.36640625 0.14921875 0.3390625
3 0.396875 0.2796875 0.1390625 0.2953125
3 0.2203125 0.4515625 0.24765625 0.4328125
3 0.634375 0.078125 0.2640625 0.1421875
3 0.47265625 0.06015625 0.0984375 0.1109375
3 0.459375 0.2609375 0.115625 0.18046875
3 0.44375 0.11328125 0.12734375 0.15859375
3 0.76171875 0.26953125 0.178125 0.1875
3 0.8375 0.203125 0.15625 0.26171875
3 0.9015625 0.05078125 0.09140625 0.08671875
3 0.80625 0.09375 0.0984375 0.1734375
3 0.72109375 0.4640625 0.10078125 0.1296875
3 0.7796875 0.3734375 0.0984375 0.13671875
3 0.87890625 0.21875 0.12734375 0.25
3 0.9421875 0.11328125 0.0578125 0.08203125
3 0.96171875 0.2078125 0.071875 0.103125
3 0.96640625 0.28515625 0.053125 0.0984375
3 0.98046875 0.3390625 0.03828125 0.16328125
3 0.91796875 0.45078125 0.1203125 0.30078125
3 0.95546875 0.60703125 0.084375 0.1421875
3 0.94609375 0.5359375 0.103125 0.22109375
3 0.8171875 0.6515625 0.22109375 0.16328125
3 0.85546875 0.80625 0.1921875 0.13671875
3 0.93984375 0.75234375 0.115625 0.20703125
3 0.93984375 0.91484375 0.115625 0.1703125
3 0.8375 0.91953125 0.18046875 0.15625
3 0.71640625 0.94921875 0.0484375 0.09140625
3 0.66015625 0.94140625 0.1421875 0.11328125
3 0.72578125 0.8296875 0.0765625 0.14921875
3 0.671875 0.7015625 0.084375 0.2359375
3 0.58515625 0.56015625 0.1421875 0.2015625
3 0.58203125 0.74296875 0.134375 0.196875
3 0.51328125 0.88125 0.103125 0.2328125
3 0.415625 0.853125 0.15390625 0.25
3 0.44921875 0.740625 0.10546875 0.14921875
3 0.428125 0.58203125 0.16328125 0.2015625
3 0.48046875 0.4421875 0.1109375 0.16328125
3 0.56015625 0.28828125 0.15859375 0.321875
3 0.65859375 0.34140625 0.071875 0.15859375
3 0.603125 0.28515625 0.125 0.1421875
3 0.4984375 0.50234375 0.996875 0.9953125