0 0.4890625 0.81875 0.31015625 0.103125
0 0.77421875 0.8125 0.321875 0.125
0 0.7328125 0.68984375 0.40390625 0.1203125
0 0.4109375 0.696875 0.2984375 0.10078125
0 0.4125 0.7640625 0.51171875 0.10078125
0 0.2484375 0.6390625 0.0890625 0.1203125
0 0.4359375 0.615625 0.2859375 0.0625
0 0.49765625 0.5765625 0.303125 0.10546875
0 0.7953125 0.57109375 0.29296875 0.11328125
0 0.47578125 0.4546875 0.34609375 0.1203125
0 0.7921875 0.4578125 0.31015625 0.11328125
0 0.696875 0.34140625 0.33203125 0.1203125
0 0.890625 0.33671875 0.0890625 0.125
0 0.73828125 0.20703125 0.40390625 0.134375
0 0.390625 0.20703125 0.31484375 0.125
0 0.17421875 0.28515625 0.2859375 0.09375
0 0.41328125 0.27265625 0.196875 0.0265625
0 0.41796875 0.3375 0.2984375 0.103125
0 0.22109375 0.41328125 0.178125 0.10546875
0 0.1859375 0.52421875 0.2859375 0.10546875
