4 0.36796875 0.078125 0.72109375 0.146875
4 0.759375 0.0453125 0.14921875 0.08203125
4 0.859375 0.08984375 0.2765625 0.11796875
4 0.91484375 0.0359375 0.165625 0.071875
4 0.76953125 0.13671875 0.29296875 0.1109375
4 0.6859375 0.1875 0.271875 0.14453125
4 0.34609375 0.24609375 0.678125 0.2140625
4 0.33671875 0.4515625 0.64921875 0.21640625
4 0.321875 0.66953125 0.634375 0.2140625
4 0.3171875 0.884375 0.625 0.22578125
4 0.60078125 0.571875 0.34609375 0.14921875
4 0.63203125 0.37109375 0.29296875 0.1609375
4 0.58046875 0.7765625 0.3390625 0.14921875
4 0.5453125 0.95078125 0.3796875 0.09375
4 0.7296875 0.8765625 0.2328125 0.13203125
4 0.7515625 0.6875 0.2328125 0.16796875
4 0.7703125 0.4984375 0.228125 0.146875
4 0.7921875 0.328125 0.228125 0.13203125
4 0.82109375 0.165625 0.19453125 0.178125
4 0.91796875 0.0921875 0.15859375 0.12265625
4 0.91484375 0.03515625 0.165625 0.06953125
4 0.95859375 0.1984375 0.0828125 0.1
4 0.9015625 0.265625 0.1921875 0.11328125
4 0.9484375 0.36640625 0.0984375 0.0984375
4 0.8859375 0.43046875 0.19453125 0.1109375
4 0.9421875 0.52265625 0.115625 0.0890625
4 0.86796875 0.59609375 0.1875 0.1109375
4 0.93125 0.68125 0.13203125 0.103125
4 0.853125 0.775 0.20703125 0.09375
4 0.91796875 0.8578125 0.15859375 0.10546875
4 0.834375 0.9515625 0.2015625 0.09140625
4 0.96015625 0.98828125 0.0796875 0.01953125
4 0.959375 0.93984375 0.0765625 0.071875
4 0.6515625 0.053125 0.134375 0.09609375
4 0.77890625 0.03125 0.10078125 0.053125
4 0.959375 0.10234375 0.0765625 0.084375
4 0.8734375 0.14921875 0.0890625 0.08203125
4 0.7671875 0.203125 0.10078125 0.0890625
4 0.61875 0.24296875 0.12734375 0.09609375
4 0.7328125 0.3796875 0.1109375 0.08671875
4 0.85546875 0.328125 0.10078125 0.0890625
4 0.95859375 0.27109375 0.0828125 0.0765625
4 0.990625 0.21015625 0.0140625 0.06484375
4 0.990625 0.36796875 0.0140625 0.071875
4 0.98828125 0.525 0.01953125 0.07421875
4 0.9390625 0.43125 0.0890625 0.07421875
4 0.59140625 0.4546875 0.115625 0.10078125
4 0.7140625 0.571875 0.115625 0.09140625
4 0.83203125 0.49765625 0.10546875 0.0765625
4 0.9171875 0.5953125 0.0890625 0.07421875
4 0.81953125 0.6875 0.10546875 0.08203125
4 0.5734375 0.6671875 0.12265625 0.103125
4 0.5625 0.8890625 0.134375 0.10546875
4 0.6921875 0.77890625 0.115625 0.09140625
4 0.90390625 0.77890625 0.09609375 0.0765625
4 0.9734375 0.6859375 0.0484375 0.06953125
4 0.9734375 0.85234375 0.0484375 0.084375
4 0.88359375 0.94921875 0.0890625 0.08671875
4 0.678125 0.9671875 0.115625 0.06015625
4 0.79453125 0.87890625 0.0890625 0.0796875