2 0.08046875 0.23046875 0.0796875 0.29296875
2 0.18046875 0.24375 0.0625 0.30546875
2 0.27734375 0.16796875 0.084375 0.16796875
2 0.078125 0.728125 0.084375 0.33671875
2 0.19375 0.69140625 0.0796875 0.2671875
2 0.29921875 0.7234375 0.06484375 0.33203125
2 0.39765625 0.740625 0.0796875 0.365625
2 0.51328125 0.68515625 0.084375 0.240625
2 0.6203125 0.740625 0.08203125 0.35078125
2 0.72265625 0.66796875 0.0796875 0.20703125
2 0.821875 0.7078125 0.0578125 0.30078125
2 0.9234375 0.70078125 0.09140625 0.2859375
2 0.9328125 0.25 0.08203125 0.3171875
2 0.83671875 0.19921875 0.0671875 0.2015625
2 0.72578125 0.23828125 0.1109375 0.29296875
2 0.61796875 0.165625 0.071875 0.16328125
2 0.50703125 0.2328125 0.1109375 0.2984375
2 0.3890625 0.225 0.09140625 0.2671875
0 0.0796875 0.390625 0.0765625 0.0265625
0 0.18125 0.40625 0.05546875 0.03359375
0 0.0796875 0.9171875 0.0625 0.0265625
0 0.303125 0.91015625 0.02890625 0.0265625
0 0.27734375 0.2671875 0.084375 0.0140625
0 0.3890625 0.38125 0.071875 0.0453125
0 0.5109375 0.39921875 0.0796875 0.03359375
0 0.509375 0.81953125 0.0765625 0.03828125
0 0.39921875 0.9359375 0.04296875 0.0265625
0 0.6203125 0.92890625 0.03828125 0.0265625
0 0.61328125 0.26953125 0.071875 0.01953125
0 0.72578125 0.40234375 0.0625 0.0265625
0 0.7234375 0.7875 0.0578125 0.0265625
0 0.81953125 0.8765625 0.04296875 0.0265625
0 0.834375 0.31484375 0.0578125 0.03359375
0 0.92890625 0.43515625 0.05546875 0.053125
0 0.92421875 0.8609375 0.0796875 0.03359375
4 0.1921875 0.84375 0.0765625 0.053125
