2 0.71640625 0.2046875 0.25 0.27421875
2 0.7125 0.4953125 0.25703125 0.27890625
2 0.28984375 0.19921875 0.25703125 0.27421875
2 0.28984375 0.50703125 0.25703125 0.28359375
2 0.29453125 0.81484375 0.25703125 0.27421875
2 0.71015625 0.8078125 0.26171875 0.27890625
0 0.54453125 0.2015625 0.09375 0.2546875
0 0.5453125 0.5 0.10078125 0.2453125
0 0.5515625 0.8078125 0.0890625 0.2453125
0 0.1265625 0.8171875 0.09375 0.2453125
0 0.1203125 0.5046875 0.09609375 0.2453125
0 0.125 0.20703125 0.09609375 0.2453125
