4 0.25234375 0.91796875 0.490625 0.15859375
4 0.7453125 0.54296875 0.375 0.28359375
4 0.46875 0.54296875 0.928125 0.47578125
4 0.66328125 0.93359375 0.196875 0.12734375
4 0.3796875 0.8859375 0.75 0.2234375
4 0.65390625 0.67578125 0.22578125 0.02890625
4 0.39453125 0.71484375 0.77421875 0.12734375
4 0.6546875 0.35546875 0.165625 0.1109375
4 0.7015625 0.1890625 0.240625 0.18984375
4 0.6609375 0.05078125 0.15859375 0.09609375
4 0.4828125 0.3609375 0.509375 0.14453125
4 0.4125 0.18984375 0.81015625 0.35078125
4 0.37109375 0.0625 0.7328125 0.1203125