0 0.8703125 0.803125 0.2015625 0.1734375
0 0.6234375 0.85546875 0.31484375 0.125
0 0.475 0.875 0.1609375 0.0671875
0 0.259375 0.76953125 0.125 0.16328125
0 0.43984375 0.76953125 0.47578125 0.1828125
0 0.578125 0.64765625 0.51171875 0.18984375
0 0.1609375 0.53125 0.2984375 0.1390625
0 0.41796875 0.5625 0.428125 0.16328125
0 0.54921875 0.3953125 0.51171875 0.18984375
0 0.2453125 0.28125 0.10546875 0.15859375
0 0.4203125 0.27734375 0.45703125 0.18046875
0 0.60546875 0.19921875 0.303125 0.1296875
0 0.446875 0.171875 0.15390625 0.06953125
0 0.8453125 0.2546875 0.2140625 0.1734375
0 0.20703125 0.1734375 0.196875 0.03828125
