4 0.94921875 0.23046875 0.09609375 0.4515625
4 0.84140625 0.14921875 0.20703125 0.28828125
4 0.265625 0.10234375 0.53125 0.19453125
4 0.23671875 0.18515625 0.4734375 0.26953125
4 0.16328125 0.30625 0.3265625 0.2140625
4 0.3125 0.4578125 0.375 0.48828125
4 0.55546875 0.28125 0.3078125 0.384375
4 0.584375 0.06484375 0.34609375 0.1203125
4 0.8859375 0.23046875 0.2234375 0.4515625
4 0.83984375 0.60703125 0.31484375 0.228125
4 0.93984375 0.59609375 0.115625 0.4421875
4 0.78125 0.85234375 0.4328125 0.290625
4 0.7234375 0.5828125 0.3796875 0.36796875
4 0.5734375 0.6203125 0.290625 0.321875
4 0.1671875 0.6625 0.334375 0.6703125
4 0.10546875 0.57421875 0.09140625 0.2546875
4 0.37734375 0.73671875 0.375 0.521875
4 0.4640625 0.48828125 0.14453125 0.1390625
4 0.4984375 0.50078125 0.996875 0.9984375