1 0.6578125 0.9125 0.2671875 0.1703125
1 0.65625 0.72578125 0.2640625 0.1875
1 0.66796875 0.53515625 0.27421875 0.19453125
1 0.67578125 0.33203125 0.28828125 0.21171875
1 0.66953125 0.11875 0.25703125 0.21875
1 0.4078125 0.90859375 0.23828125 0.178125
1 0.40390625 0.72265625 0.22578125 0.19453125
1 0.4109375 0.52421875 0.22578125 0.1875
1 0.41796875 0.3328125 0.22578125 0.18046875
1 0.4078125 0.13203125 0.21875 0.2015625
1 0.17578125 0.8921875 0.22578125 0.1875
1 0.17578125 0.7078125 0.22578125 0.18046875
1 0.1765625 0.52734375 0.24296875 0.19453125
1 0.1734375 0.3296875 0.2359375 0.1875
1 0.16796875 0.1453125 0.22578125 0.19453125
1 0.0359375 0.80859375 0.0671875 0.1515625
1 0.0328125 0.66796875 0.06015625 0.1203125
1 0.02890625 0.515625 0.053125 0.17578125
1 0.02890625 0.33203125 0.053125 0.196875
1 0.02421875 0.13203125 0.0484375 0.1875
1 0.90625 0.10703125 0.1734375 0.19453125
1 0.88671875 0.30546875 0.14921875 0.2359375
1 0.9734375 0.2671875 0.03828125 0.2015625
1 0.96484375 0.4734375 0.05546875 0.22578125
1 0.9546875 0.74609375 0.0765625 0.30546875
1 0.9421875 0.928125 0.10546875 0.1390625
1 0.85703125 0.7984375 0.13203125 0.2984375
1 0.87109375 0.55078125 0.13203125 0.27421875
1 0.83671875 0.975 0.09609375 0.0453125
