4 0.51796875 0.8015625 0.81484375 0.17578125
4 0.884375 0.7984375 0.08203125 0.08671875
4 0.88828125 0.59140625 0.07421875 0.09609375
4 0.51328125 0.59609375 0.82421875 0.1828125
4 0.51328125 0.3859375 0.82421875 0.18984375
4 0.53984375 0.384375 0.18046875 0.1734375
4 0.55078125 0.59609375 0.16796875 0.1734375
4 0.88828125 0.384375 0.07421875 0.08671875
4 0.31875 0.803125 0.17578125 0.16796875
4 0.5109375 0.17578125 0.81953125 0.1828125
4 0.3390625 0.1734375 0.20703125 0.178125
4 0.88359375 0.1734375 0.07421875 0.09140625