0 0.83671875 0.75703125 0.08671875 0.47109375
0 0.803125 0.321875 0.08671875 0.48046875
0 0.74765625 0.740625 0.08203125 0.47109375
0 0.6921875 0.3140625 0.08671875 0.4640625
0 0.65859375 0.7328125 0.0765625 0.47109375
0 0.553125 0.7234375 0.0765625 0.47109375
0 0.5046875 0.55390625 0.1296875 0.61796875
0 0.38671875 0.75703125 0.071875 0.34140625
0 0.31484375 0.7640625 0.0765625 0.375
0 0.2671875 0.41484375 0.0484375 0.40625
0 0.228125 0.78125 0.08203125 0.375
0 0.1703125 0.45703125 0.08671875 0.375
0 0.1390625 0.7984375 0.09140625 0.3890625
