2 0.48203125 0.6703125 0.32421875 0.509375
2 0.18046875 0.47578125 0.35078125 0.7015625
2 0.37265625 0.34375 0.0671875 0.1875
2 0.646875 0.37734375 0.2546875 0.303125
2 0.821875 0.31484375 0.15859375 0.28828125
2 0.94375 0.2640625 0.1078125 0.2640625
0 0.15390625 0.06484375 0.2984375 0.1203125
0 0.728125 0.696875 0.23046875 0.2984375
0 0.38125 0.228125 0.084375 0.053125
0 0.65 0.18515625 0.25703125 0.1296875
0 0.45703125 0.13203125 0.2359375 0.1109375
0 0.37734375 0.04921875 0.22109375 0.0890625
0 0.50625 0.01796875 0.209375 0.0359375
0 0.5890625 0.078125 0.2546875 0.09375
0 0.78359375 0.1296875 0.25 0.125
0 0.71484375 0.03828125 0.2328125 0.0765625
0 0.89921875 0.0828125 0.196875 0.12265625
