4 0.20703125 0.87734375 0.40390625 0.2359375
4 0.0421875 0.62734375 0.07421875 0.28828125
4 0.16484375 0.55078125 0.2671875 0.8890625
4 0.1046875 0.1828125 0.0984375 0.1390625
4 0.34140625 0.68515625 0.08671875 0.15859375
4 0.31640625 0.25859375 0.084375 0.11796875
4 0.5578125 0.1109375 0.08203125 0.10078125
4 0.8171875 0.50234375 0.08671875 0.1109375
4 0.73828125 0.02421875 0.08203125 0.0484375
4 0.71875 0.49765625 0.1921875 0.9953125
4 0.57421875 0.52421875 0.21640625 0.9421875
4 0.384375 0.80078125 0.1734375 0.3890625
4 0.34140625 0.45703125 0.2453125 0.91328125
4 0.1828125 0.31875 0.26953125 0.63671875
4 0.03828125 0.15234375 0.0671875 0.3046875
4 0.0359375 0.3328125 0.0625 0.38203125
4 0.5578125 0.05859375 0.24375 0.1171875
4 0.80546875 0.725 0.22109375 0.540625
4 0.87890625 0.4515625 0.2359375 0.903125
4 0.9171875 0.8390625 0.13203125 0.3125
4 0.9421875 0.21015625 0.1109375 0.4203125
4 0.50234375 0.49765625 0.9953125 0.9953125