2 0.31484375 0.0828125 0.321875 0.15625
2 0.209375 0.12890625 0.35078125 0.24765625
2 0.353125 0.52734375 0.3125 0.21875
2 0.271875 0.54296875 0.2359375 0.28828125
2 0.2359375 0.11796875 0.25 0.22578125
2 0.2328125 0.53828125 0.3125 0.40859375
2 0.33046875 0.90234375 0.36796875 0.18984375
2 0.25390625 0.875 0.4015625 0.2453125
2 0.615625 0.66796875 0.2453125 0.1921875
2 0.8234375 0.459375 0.2234375 0.15859375
2 0.834375 0.14296875 0.2453125 0.2765625
2 0.7546875 0.15390625 0.196875 0.2984375
2 0.58203125 0.240625 0.28828125 0.3703125
2 0.49765625 0.2609375 0.28359375 0.4546875
2 0.54921875 0.6828125 0.18046875 0.259375
2 0.52890625 0.678125 0.26953125 0.35546875
2 0.7609375 0.47109375 0.1421875 0.23046875
2 0.73203125 0.46484375 0.21875 0.31953125
2 0.80859375 0.88203125 0.25234375 0.23046875
2 0.72265625 0.865625 0.228125 0.2640625
