2 0.74765625 0.1703125 0.303125 0.2984375
2 0.31484375 0.1703125 0.2984375 0.2984375
2 0.3171875 0.4953125 0.29296875 0.2984375
2 0.31484375 0.81953125 0.2984375 0.2984375
2 0.74765625 0.821875 0.303125 0.29296875
2 0.75 0.49296875 0.3078125 0.303125
0 0.553125 0.1734375 0.1109375 0.28359375
0 0.55546875 0.50234375 0.10546875 0.28359375
0 0.11796875 0.1734375 0.10078125 0.29296875
0 0.11796875 0.49765625 0.10078125 0.29296875
0 0.11328125 0.8296875 0.10078125 0.2984375
0 0.55078125 0.8265625 0.10078125 0.29296875
