2 0.81015625 0.6265625 0.375 0.271875
2 0.31953125 0.80390625 0.35546875 0.25703125
2 0.3265625 0.37109375 0.35078125 0.26171875
2 0.8171875 0.16953125 0.33203125 0.2671875
0 0.5765625 0.6265625 0.1734375 0.271875
0 0.08671875 0.8140625 0.16796875 0.2765625
0 0.09609375 0.3734375 0.16328125 0.2671875
0 0.5796875 0.1671875 0.178125 0.26171875
4 0.68046875 0.5671875 0.0625 0.0765625
4 0.71875 0.640625 0.1203125 0.0890625
4 0.70703125 0.69609375 0.071875 0.09375
4 0.74765625 0.72109375 0.0625 0.053125
4 0.7453125 0.56484375 0.0765625 0.071875
4 0.80078125 0.553125 0.0625 0.0625
4 0.796875 0.65234375 0.0890625 0.15625
4 0.84140625 0.68125 0.0625 0.0890625
4 0.84140625 0.59765625 0.053125 0.084375
4 0.88125 0.571875 0.0890625 0.10078125
4 0.86875 0.67890625 0.084375 0.09375
4 0.93046875 0.6453125 0.053125 0.0984375
