4 0.09375 0.0890625 0.1734375 0.1734375
4 0.12734375 0.15859375 0.1296875 0.14921875
4 0.196875 0.0625 0.14453125 0.0765625
4 0.35546875 0.06015625 0.3796875 0.115625
4 0.259375 0.1078125 0.14453125 0.125
4 0.521875 0.1078125 0.03359375 0.01953125
4 0.3171875 0.196875 0.303125 0.1203125
4 0.48046875 0.1421875 0.0625 0.02890625
4 0.03828125 0.22578125 0.0625 0.10078125
4 0.11796875 0.25390625 0.1109375 0.0453125
4 0.47734375 0.25703125 0.05546875 0.02890625
4 0.63203125 0.1921875 0.40859375 0.15390625
4 0.6078125 0.07421875 0.125 0.14453125
4 0.5046875 0.04296875 0.1109375 0.08203125
4 0.81015625 0.06875 0.33671875 0.13203125
4 0.053125 0.2859375 0.09140625 0.02890625
4 0.2453125 0.271875 0.28359375 0.08203125
4 0.0671875 0.29296875 0.0484375 0.02890625
4 0.05546875 0.33203125 0.09609375 0.09609375
4 0.0484375 0.4203125 0.08203125 0.08203125
4 0.28359375 0.34375 0.39921875 0.1734375
4 0.4421875 0.2046875 0.20703125 0.1109375
4 0.61796875 0.2671875 0.28359375 0.0671875
4 0.79453125 0.20546875 0.165625 0.103125
4 0.91796875 0.125 0.125 0.10546875
4 0.93515625 0.2046875 0.1296875 0.10546875
4 0.8796875 0.35234375 0.0484375 0.0171875
4 0.83203125 0.303125 0.1296875 0.10546875
4 0.8078125 0.3078125 0.1109375 0.04296875
4 0.85546875 0.296875 0.02890625 0.0171875
4 0.1453125 0.42578125 0.040625 0.01953125
4 0.23046875 0.5 0.2546875 0.16796875
4 0.08671875 0.58984375 0.15859375 0.24296875
4 0.11875 0.47734375 0.05546875 0.0171875
4 0.1875 0.75625 0.1109375 0.06953125
4 0.14765625 0.7359375 0.19921875 0.115625
4 0.03125 0.821875 0.0484375 0.04296875
4 0.05546875 0.77890625 0.09609375 0.1296875
4 0.2859375 0.65390625 0.22578125 0.1203125
4 0.4375 0.57421875 0.1296875 0.0625
4 0.44609375 0.625 0.2140625 0.1921875
4 0.62734375 0.5265625 0.1921875 0.1390625
4 0.56015625 0.49140625 0.22109375 0.07421875
4 0.3859375 0.46171875 0.1515625 0.21171875
4 0.61796875 0.41796875 0.446875 0.1390625
4 0.45703125 0.37734375 0.125 0.0578125
4 0.6828125 0.3609375 0.02890625 0.0140625
4 0.571875 0.3390625 0.25 0.0671875
4 0.6453125 0.36328125 0.31015625 0.10078125
4 0.5765625 0.3078125 0.22578125 0.0625
4 0.82421875 0.3890625 0.0625 0.04296875
4 0.91953125 0.4125 0.15625 0.05078125
4 0.91328125 0.37109375 0.1296875 0.0453125
4 0.96015625 0.3546875 0.07421875 0.0359375
4 0.9421875 0.31015625 0.09140625 0.0625
4 0.953125 0.46171875 0.0890625 0.0578125
4 0.90859375 0.4546875 0.0625 0.02890625
4 0.871875 0.95390625 0.25 0.0921875
4 0.8296875 0.93046875 0.2359375 0.08203125
4 0.8578125 0.8609375 0.22578125 0.08671875
4 0.77265625 0.8328125 0.05546875 0.0265625
4 0.90859375 0.725 0.0625 0.01171875
4 0.23046875 0.9546875 0.4515625 0.08671875
4 0.2546875 0.82421875 0.4953125 0.178125
4 0.55546875 0.79453125 0.26953125 0.11796875
4 0.6 0.72578125 0.26171875 0.09609375
4 0.50703125 0.8921875 0.33671875 0.15390625
4 0.5796875 0.94140625 0.33203125 0.0984375
4 0.56640625 0.9265625 0.209375 0.1421875
4 0.6234375 0.95703125 0.3390625 0.08203125
4 0.85 0.75859375 0.2953125 0.06953125
4 0.7140625 0.73828125 0.03359375 0.0140625
4 0.85703125 0.8171875 0.28125 0.09609375
4 0.978125 0.88125 0.03828125 0.040625
4 0.7140625 0.6546875 0.15859375 0.07421875
4 0.6046875 0.64296875 0.103125 0.06015625
4 0.62734375 0.6046875 0.1109375 0.03125
4 0.8140625 0.65390625 0.26171875 0.115625
4 0.89921875 0.5609375 0.196875 0.1609375
4 0.77421875 0.50234375 0.0671875 0.0484375
4 0.79453125 0.54296875 0.26171875 0.1203125
4 0.86796875 0.67890625 0.259375 0.0890625
4 0.50078125 0.50078125 0.9921875 0.9984375