1 0.2671875 0.12890625 0.3609375 0.24296875
1 0.09765625 0.09375 0.18046875 0.1734375
1 0.18125 0.31640625 0.34375 0.13203125
1 0.35078125 0.41328125 0.125 0.1734375
1 0.30546875 0.47578125 0.1734375 0.1390625
1 0.1921875 0.5203125 0.14921875 0.05546875
1 0.77890625 0.11796875 0.33671875 0.1734375
1 0.9015625 0.07109375 0.1921875 0.12734375
1 0.6421875 0.0625 0.25 0.1109375
1 0.5203125 0.05078125 0.13203125 0.08671875
1 0.40625 0.1578125 0.1875 0.15625
1 0.53125 0.2203125 0.2640625 0.15625
1 0.84765625 0.21640625 0.24296875 0.10078125
1 0.975 0.2203125 0.0453125 0.1421875
1 0.88671875 0.30625 0.16328125 0.15625
1 0.71640625 0.38671875 0.22578125 0.21171875
1 0.56015625 0.3328125 0.27421875 0.11796875
1 0.5171875 0.45078125 0.2015625 0.18046875
1 0.12265625 0.47578125 0.22578125 0.1734375
1 0.19140625 0.63203125 0.36796875 0.1875
1 0.15625 0.68515625 0.2984375 0.08671875
1 0.2125 0.75703125 0.28125 0.1390625
1 0.44921875 0.84375 0.28828125 0.1109375
1 0.79453125 0.88203125 0.18046875 0.0765625
1 0.75625 0.83984375 0.4828125 0.1515625
1 0.81875 0.640625 0.3578125 0.2671875
1 0.65625 0.63203125 0.2640625 0.1875
1 0.49296875 0.6875 0.3125 0.2359375
1 0.81875 0.41796875 0.3578125 0.196875
1 0.50234375 0.4734375 0.990625 0.9328125
