1 0.40625 0.5484375 0.6875 0.5
1 0.5625 0.8484375 0.3609375 0.28828125
1 0.3640625 0.8125 0.36796875 0.3609375
1 0.17578125 0.86796875 0.22578125 0.25
1 0.33984375 0.32109375 0.55546875 0.53125
1 0.2765625 0.21484375 0.43125 0.4296875
1 0.70546875 0.1421875 0.584375 0.28359375
1 0.8296875 0.8296875 0.2359375 0.3265625
1 0.92421875 0.7515625 0.146875 0.48828125
1 0.71171875 0.66796875 0.375 0.21171875
1 0.8234375 0.36875 0.3484375 0.2046875
1 0.83671875 0.52421875 0.3125 0.1109375
1 0.5265625 0.49765625 0.9421875 0.9953125
