4 0.79296875 0.8921875 0.40390625 0.21171875
4 0.77421875 0.95703125 0.4421875 0.08203125
4 0.3015625 0.8859375 0.5984375 0.19453125
4 0.29921875 0.9578125 0.59375 0.0796875
4 0.3171875 0.78515625 0.60078125 0.1703125
4 0.2609375 0.0171875 0.5171875 0.03359375
4 0.7453125 0.025 0.496875 0.05
4 0.8890625 0.1390625 0.21171875 0.178125
4 0.4984375 0.22734375 0.65625 0.18515625
4 0.3859375 0.4015625 0.06015625 0.053125
4 0.3390625 0.59765625 0.0671875 0.06484375
4 0.9234375 0.7015625 0.1203125 0.0578125
4 0.02265625 0.015625 0.040625 0.03125
4 0.196875 0.16328125 0.0671875 0.0578125
4 0.3125 0.25234375 0.08671875 0.03828125
4 0.40859375 0.1734375 0.03828125 0.053125
4 0.071875 0.32421875 0.0765625 0.0578125
4 0.1109375 0.4578125 0.0765625 0.05078125
4 0.053125 0.60546875 0.10078125 0.04296875
4 0.02265625 0.71640625 0.040625 0.053125
4 0.5140625 0.83203125 0.0671875 0.0625
4 0.80390625 0.8140625 0.38203125 0.18515625
4 0.7359375 0.63828125 0.51953125 0.2234375
4 0.7875 0.8390625 0.38203125 0.3171875
4 0.22734375 0.5265625 0.25703125 0.35078125
4 0.65625 0.5203125 0.678125 0.2328125
4 0.6703125 0.59375 0.64921875 0.196875
4 0.0578125 0.62734375 0.115625 0.14921875
4 0.0671875 0.478125 0.1296875 0.303125
4 0.26328125 0.12734375 0.521875 0.1828125
4 0.14296875 0.03984375 0.28125 0.0796875
4 0.3234375 0.09765625 0.6421875 0.19453125
4 0.75703125 0.0984375 0.2453125 0.1828125
4 0.8484375 0.1390625 0.04296875 0.0625
4 0.9015625 0.2828125 0.1875 0.0984375
4 0.678125 0.40625 0.634375 0.14921875
4 0.12109375 0.30859375 0.23828125 0.13203125
4 0.49921875 0.4984375 0.9953125 0.996875