0 0.73203125 0.69375 0.4734375 0.4828125
0 0.69921875 0.53359375 0.59140625 0.365625
0 0.76171875 0.59609375 0.46640625 0.46171875
0 0.14921875 0.75 0.29296875 0.23046875
0 0.34765625 0.94140625 0.68984375 0.11328125
0 0.89296875 0.259375 0.2046875 0.1921875
0 0.8296875 0.09375 0.33203125 0.178125
0 0.3890625 0.13828125 0.6296875 0.2765625
0 0.31875 0.31484375 0.56953125 0.41796875
0 0.2546875 0.3890625 0.40390625 0.490625
0 0.50390625 0.50859375 0.521875 0.49765625
0 0.34375 0.80546875 0.5140625 0.259375
0 0.0796875 0.53515625 0.15390625 0.30546875
0 0.80078125 0.9328125 0.22578125 0.1296875
