1 0.1609375 0.94609375 0.14921875 0.09375
1 0.1421875 0.82421875 0.1109375 0.14921875
1 0.16015625 0.72578125 0.11796875 0.125
1 0.19453125 0.68046875 0.1875 0.1734375
1 0.80078125 0.94921875 0.14921875 0.08671875
1 0.56015625 0.93359375 0.39921875 0.11796875
1 0.9109375 0.9734375 0.10078125 0.03828125
1 0.78125 0.74765625 0.375 0.39921875
1 0.65234375 0.65625 0.31953125 0.4234375
1 0.43515625 0.68046875 0.28828125 0.3890625
1 0.21875 0.52890625 0.2640625 0.47578125
1 0.41796875 0.4546875 0.14921875 0.125
1 0.5625 0.4265625 0.2359375 0.24296875
1 0.5046875 0.27890625 0.14921875 0.08671875
1 0.18046875 0.27734375 0.1875 0.11796875
1 0.29453125 0.21875 0.38203125 0.3265625
1 0.296875 0.05546875 0.34375 0.1109375
1 0.50703125 0.13203125 0.125 0.2015625
1 0.61796875 0.18359375 0.125 0.24296875
1 0.71171875 0.25390625 0.1109375 0.31953125
1 0.8296875 0.24296875 0.1875 0.2984375
1 0.81015625 0.4625 0.14921875 0.15625
1 0.9046875 0.6578125 0.18515625 0.36328125
1 0.90859375 0.6875 0.178125 0.28359375
1 0.93984375 0.3953125 0.115625 0.2140625
1 0.9171875 0.2546875 0.1609375 0.2453125
1 0.82578125 0.453125 0.11796875 0.15625
