4 0.8796875 0.92421875 0.23046875 0.146875
4 0.56953125 0.94140625 0.41328125 0.11328125
4 0.85546875 0.94921875 0.2359375 0.09609375
4 0.32578125 0.93359375 0.603125 0.12734375
4 0.10078125 0.89296875 0.196875 0.209375
4 0.01328125 0.75234375 0.021875 0.10078125
4 0.49765625 0.76953125 0.9953125 0.259375
4 0.165625 0.634375 0.3265625 0.1296875
4 0.9640625 0.75 0.0625 0.2359375
4 0.484375 0.525 0.9640625 0.30078125
4 0.9828125 0.58671875 0.02421875 0.1921875
4 0.52890625 0.3390625 0.9328125 0.33671875
4 0.09140625 0.1921875 0.178125 0.384375
4 0.40234375 0.06015625 0.2234375 0.115625
4 0.21640625 0.078125 0.1734375 0.15625
4 0.37109375 0.09375 0.43046875 0.1828125
4 0.59375 0.1625 0.3890625 0.209375
4 0.78828125 0.078125 0.41328125 0.15625
4 0.83671875 0.22109375 0.16328125 0.08671875
4 0.93984375 0.2125 0.1109375 0.1703125
4 0.49765625 0.5 0.9953125 0.9953125