1 0.6734375 0.10703125 0.303125 0.12734375
1 0.69453125 0.32421875 0.28828125 0.115625
1 0.71171875 0.53125 0.28359375 0.134375
1 0.73828125 0.74375 0.303125 0.13671875
1 0.75390625 0.94140625 0.2953125 0.11328125
1 0.30546875 0.14921875 0.23046875 0.125
1 0.3109375 0.01328125 0.21875 0.0171875
1 0.28125 0.3015625 0.23046875 0.146875
1 0.26171875 0.44453125 0.2359375 0.14453125
1 0.2328125 0.59375 0.23046875 0.14921875
1 0.2046875 0.7234375 0.23046875 0.15859375
1 0.1734375 0.875 0.22578125 0.15859375
1 0.1546875 0.96171875 0.2140625 0.071875
