1 0.17578125 0.35078125 0.33671875 0.6875
1 0.04453125 0.65390625 0.06953125 0.16328125
1 0.16796875 0.7359375 0.08671875 0.1109375
1 0.08203125 0.72578125 0.14921875 0.1390625
1 0.07578125 0.859375 0.13203125 0.15625
1 0.37109375 0.5171875 0.11796875 0.2015625
1 0.3453125 0.33984375 0.09375 0.13203125
1 0.3140625 0.1734375 0.09375 0.1875
1 0.2984375 0.05078125 0.0765625 0.08671875
1 0.4546875 0.11328125 0.2359375 0.21171875
1 0.4390625 0.2859375 0.2046875 0.28828125
1 0.5359375 0.06015625 0.21171875 0.10078125
1 0.70703125 0.03828125 0.16328125 0.0625
1 0.7046875 0.10546875 0.1734375 0.10078125
1 0.68125 0.1765625 0.2046875 0.18046875
1 0.63203125 0.2671875 0.1109375 0.1109375
1 0.52734375 0.46875 0.18046875 0.125
1 0.44140625 0.53125 0.05546875 0.0765625
1 0.43359375 0.58984375 0.11796875 0.11796875
1 0.4890625 0.65625 0.05546875 0.0625
1 0.43359375 0.66015625 0.06953125 0.06953125
1 0.36796875 0.69453125 0.125 0.125
1 0.62890625 0.71484375 0.25703125 0.31953125
1 0.54453125 0.6296875 0.19453125 0.22578125
1 0.24609375 0.85078125 0.13203125 0.0765625
1 0.28515625 0.77890625 0.06953125 0.03828125
1 0.5359375 0.90625 0.10078125 0.0484375
1 0.79453125 0.79296875 0.13203125 0.10078125
1 0.93359375 0.66953125 0.11796875 0.11796875
1 0.83671875 0.59140625 0.2015625 0.21171875
1 0.775 0.734375 0.09375 0.09375
1 0.64921875 0.34765625 0.25 0.49296875
1 0.89296875 0.2125 0.209375 0.30078125
1 0.84765625 0.41484375 0.11796875 0.21875
1 0.87734375 0.07109375 0.240625 0.12734375
1 0.9484375 0.41953125 0.0984375 0.1515625
