0 0.82421875 0.1703125 0.28359375 0.28828125
0 0.3390625 0.1921875 0.59140625 0.27421875
0 0.375 0.353125 0.365625 0.2015625
0 0.40859375 0.3390625 0.1390625 0.16328125
0 0.7640625 0.384375 0.15390625 0.1203125
0 0.66328125 0.34609375 0.14453125 0.08671875
0 0.77421875 0.8921875 0.1734375 0.071875
0 0.77890625 0.7953125 0.08671875 0.365625
0 0.78359375 0.57578125 0.16328125 0.07421875
0 0.49375 0.78125 0.1703125 0.2015625
0 0.49140625 0.5765625 0.15625 0.071875
0 0.22109375 0.79296875 0.08671875 0.3609375
0 0.22109375 0.5734375 0.16328125 0.0796875
0 0.78359375 0.75390625 0.16328125 0.43046875
0 0.225 0.76171875 0.1703125 0.446875
