2 0.078125 0.5484375 0.146875 0.85078125
2 0.09765625 0.28359375 0.12734375 0.4375
2 0.12109375 0.23046875 0.103125 0.428125
2 0.22265625 0.5484375 0.146875 0.84140625
2 0.24375 0.27734375 0.11796875 0.4203125
2 0.2640625 0.22265625 0.10546875 0.4109375
2 0.37109375 0.54296875 0.146875 0.83671875
2 0.38828125 0.28125 0.11328125 0.4328125
2 0.40234375 0.21875 0.0984375 0.40390625
2 0.5265625 0.54296875 0.14921875 0.83671875
2 0.51796875 0.28515625 0.1421875 0.415625
2 0.5203125 0.196875 0.13203125 0.3609375
2 0.678125 0.54296875 0.15390625 0.83671875
2 0.65390625 0.27890625 0.10546875 0.428125
2 0.63828125 0.21875 0.0984375 0.40390625
2 0.8265625 0.54296875 0.16328125 0.84609375
2 0.79453125 0.28828125 0.12734375 0.4328125
2 0.77890625 0.23203125 0.1109375 0.4203125
2 0.928125 0.21640625 0.09609375 0.3890625
2 0.94375 0.28828125 0.1078125 0.4375
2 0.94609375 0.540625 0.103125 0.865625
