1 0.80859375 0.1296875 0.18515625 0.25
1 0.5984375 0.03984375 0.35078125 0.06953125
1 0.25859375 0.12109375 0.5171875 0.23828125
1 0.11640625 0.0796875 0.2328125 0.15390625
1 0.0671875 0.046875 0.134375 0.084375
1 0.0359375 0.0296875 0.071875 0.05078125
1 0.40390625 0.30546875 0.803125 0.48046875
1 0.60703125 0.1515625 0.459375 0.0765625
1 0.43046875 0.3578125 0.8609375 0.446875
1 0.43984375 0.41953125 0.875 0.4546875
1 0.44609375 0.4546875 0.8921875 0.46171875
1 0.4484375 0.5046875 0.896875 0.5
1 0.6625 0.375 0.46875 0.15859375
1 0.4484375 0.5640625 0.896875 0.43515625
1 0.4484375 0.62890625 0.896875 0.3921875
1 0.4484375 0.70546875 0.896875 0.37734375
1 0.4484375 0.69921875 0.896875 0.47578125
1 0.4640625 0.803125 0.865625 0.3265625
1 0.4703125 0.8390625 0.86796875 0.3171875
1 0.703125 0.88125 0.38671875 0.1703125
