4 0.18046875 0.7078125 0.27421875 0.55546875
4 0.41796875 0.74296875 0.15859375 0.45703125
4 0.415625 0.546875 0.08671875 0.06484375
4 0.18359375 0.44453125 0.05546875 0.02890625
4 0.59375 0.7671875 0.15390625 0.40390625
4 0.5890625 0.5921875 0.08671875 0.05546875
4 0.7328125 0.78125 0.115625 0.384375
4 0.7359375 0.6109375 0.0765625 0.04296875
4 0.884375 0.7953125 0.15390625 0.34609375
4 0.884375 0.65234375 0.08671875 0.06484375
4 0.1078125 0.18125 0.0765625 0.30546875
4 0.1109375 0.0453125 0.03828125 0.03359375
4 0.19453125 0.1765625 0.0765625 0.30546875
4 0.19453125 0.0453125 0.03828125 0.03359375
4 0.28359375 0.0453125 0.04296875 0.03359375
4 0.28125 0.17890625 0.071875 0.30078125
4 0.3703125 0.18125 0.0765625 0.30546875
4 0.3703125 0.0484375 0.03359375 0.03828125
4 0.51796875 0.259375 0.0984375 0.3890625
4 0.5171875 0.08203125 0.02890625 0.03359375
4 0.640625 0.26171875 0.103125 0.39453125
4 0.6421875 0.08203125 0.03828125 0.04296875
4 0.765625 0.26171875 0.0984375 0.39453125
4 0.76953125 0.08203125 0.03359375 0.03359375
4 0.89765625 0.24375 0.103125 0.43046875
4 0.896875 0.04296875 0.03359375 0.02890625