2 0.4546875 0.9375 0.134375 0.071875
2 0.4640625 0.8328125 0.15859375 0.084375
2 0.47109375 0.72734375 0.178125 0.09375
2 0.48203125 0.60703125 0.209375 0.09375
2 0.490625 0.47109375 0.23046875 0.10546875
2 0.50703125 0.3078125 0.27421875 0.125
2 0.5484375 0.12890625 0.35546875 0.1515625
4 0.5875 0.93515625 0.1421875 0.0765625
4 0.61328125 0.834375 0.134375 0.0671875
4 0.6390625 0.72578125 0.1390625 0.0625
4 0.65625 0.60078125 0.1296875 0.071875
4 0.68125 0.4640625 0.1515625 0.0671875
4 0.72265625 0.30546875 0.146875 0.0765625
4 0.78828125 0.1203125 0.125 0.071875
