0 0.896875 0.32578125 0.196875 0.271875
0 0.80078125 0.32421875 0.34140625 0.615625
0 0.6671875 0.36640625 0.1609375 0.30078125
0 0.6515625 0.59765625 0.2984375 0.228125
0 0.7671875 0.77265625 0.27890625 0.334375
0 0.5171875 0.8171875 0.25 0.33203125
0 0.3109375 0.2515625 0.2671875 0.4015625
0 0.46484375 0.39453125 0.23828125 0.34609375
0 0.4 0.4234375 0.353125 0.71171875
0 0.20703125 0.43125 0.41328125 0.771875
0 0.20078125 0.5828125 0.37734375 0.2328125
0 0.20078125 0.7953125 0.21875 0.2546875
