0 0.87734375 0.321875 0.240625 0.34609375
0 0.8421875 0.66796875 0.24765625 0.33671875
0 0.9421875 0.87265625 0.1109375 0.25
0 0.63671875 0.91328125 0.25 0.16796875
0 0.8421875 0.9703125 0.1703125 0.05546875
0 0.7296875 0.81484375 0.2046875 0.27890625
0 0.71640625 0.60078125 0.08203125 0.1921875
0 0.88671875 0.10546875 0.22109375 0.2015625
0 0.6734375 0.1265625 0.21640625 0.24296875
0 0.56875 0.0796875 0.26171875 0.14921875
0 0.59140625 0.33046875 0.2546875 0.3296875
0 0.759375 0.37265625 0.15859375 0.26953125
0 0.96875 0.6296875 0.053125 0.26953125
0 0.5625 0.67421875 0.25 0.32421875
0 0.4703125 0.30546875 0.2046875 0.3078125
0 0.29296875 0.14453125 0.2359375 0.27890625
0 0.31953125 0.4703125 0.259375 0.3296875
0 0.37734375 0.58046875 0.22109375 0.25234375
0 0.35703125 0.88828125 0.25703125 0.21875
0 0.5140625 0.83671875 0.16328125 0.27890625
0 0.24765625 0.8265625 0.21640625 0.29296875
0 0.0875 0.66875 0.175 0.290625
0 0.1609375 0.41015625 0.196875 0.31484375
0 0.08671875 0.15390625 0.16796875 0.29296875
0 0.14765625 0.9671875 0.209375 0.06015625
