2 0.1046875 0.62890625 0.15625 0.34375
2 0.275 0.6078125 0.1703125 0.375
2 0.4421875 0.52734375 0.1734375 0.2765625
2 0.6421875 0.490625 0.1734375 0.2640625
2 0.85078125 0.5359375 0.2359375 0.5
2 0.83671875 0.709375 0.1875 0.3890625
2 0.66328125 0.73046875 0.15859375 0.3609375
2 0.50625 0.7453125 0.146875 0.29296875
2 0.35546875 0.80546875 0.134375 0.20703125
4 0.3609375 0.646875 0.125 0.1203125
4 0.27265625 0.38203125 0.09375 0.0765625
4 0.1046875 0.41328125 0.103125 0.0765625
4 0.5 0.53828125 0.1203125 0.1109375
4 0.4484375 0.353125 0.0890625 0.071875
4 0.63828125 0.31953125 0.09375 0.0765625
4 0.6609375 0.4984375 0.1296875 0.09375
4 0.83671875 0.4578125 0.134375 0.11328125
4 0.85234375 0.2453125 0.09375 0.08203125
