4 0.67421875 0.8921875 0.30078125 0.21171875
0 0.41953125 0.96640625 0.2234375 0.0625
4 0.15859375 0.8578125 0.3171875 0.21171875
0 0.84140625 0.68046875 0.3078125 0.1875
0 0.58203125 0.83984375 0.60546875 0.2046875
0 0.84765625 0.8953125 0.2953125 0.2046875
0 0.47109375 0.64765625 0.7546875 0.18984375
0 0.6421875 0.490625 0.5625 0.16328125
0 0.2296875 0.521875 0.459375 0.1828125
0 0.23828125 0.40390625 0.47578125 0.14453125
0 0.4671875 0.23046875 0.78125 0.20703125
4 0.6453125 0.36796875 0.3390625 0.08671875
4 0.46171875 0.35546875 0.16796875 0.071875
0 0.46171875 0.084375 0.51953125 0.115625
0 0.56953125 0.046875 0.53828125 0.0890625
0 0.171875 0.06015625 0.34375 0.115625
