0 0.1734375 0.35234375 0.33203125 0.50234375
0 0.15 0.80078125 0.290625 0.39453125
0 0.30859375 0.6421875 0.540625 0.446875
0 0.34140625 0.22578125 0.509375 0.41328125
0 0.1875 0.05390625 0.3609375 0.0984375
0 0.37890625 0.92890625 0.2671875 0.13671875
0 0.52734375 0.85 0.3921875 0.2953125
0 0.55390625 0.509375 0.4203125 0.3796875
0 0.603125 0.165625 0.365625 0.321875
0 0.834375 0.10546875 0.1921875 0.2015625
0 0.75703125 0.375 0.3125 0.3125
0 0.75 0.7203125 0.3078125 0.334375
0 0.78515625 0.9421875 0.1515625 0.1109375
