4 0.1390625 0.3078125 0.15859375 0.2640625
4 0.17421875 0.396875 0.0890625 0.4515625
4 0.2515625 0.40390625 0.07421875 0.3796875
4 0.359375 0.2234375 0.0359375 0.071875
4 0.31484375 0.2546875 0.134375 0.16796875
4 0.3265625 0.7984375 0.04296875 0.0578125
4 0.43359375 0.79296875 0.0359375 0.03828125
4 0.4109375 0.71015625 0.03828125 0.05078125
4 0.515625 0.7765625 0.0359375 0.02890625
4 0.509375 0.58515625 0.03828125 0.05078125
4 0.56484375 0.36328125 0.08203125 0.41796875
4 0.57421875 0.55546875 0.0484375 0.15859375
4 0.5203125 0.6609375 0.07421875 0.259375
4 0.4390625 0.7359375 0.0890625 0.15859375
4 0.334375 0.5484375 0.09140625 0.54296875
4 0.3796875 0.56640625 0.03359375 0.0453125
4 0.38125 0.3546875 0.084375 0.46875
4 0.5046875 0.3796875 0.0671875 0.47578125
4 0.4546875 0.40625 0.10546875 0.54296875