2 0.36171875 0.7046875 0.25703125 0.29296875
2 0.31015625 0.79296875 0.16328125 0.21171875
2 0.59375 0.678125 0.22578125 0.2359375
2 0.65 0.66796875 0.18515625 0.303125
2 0.44921875 0.678125 0.14453125 0.3125
2 0.396875 0.8375 0.0625 0.146875
2 0.55078125 0.8296875 0.09609375 0.134375
2 0.2921875 0.45703125 0.18046875 0.1921875
2 0.3703125 0.46640625 0.0671875 0.2359375
2 0.47109375 0.459375 0.14921875 0.14453125
2 0.51953125 0.45703125 0.09609375 0.21640625
2 0.32421875 0.2046875 0.2359375 0.29296875
2 0.4234375 0.228125 0.071875 0.33203125
2 0.5625 0.22734375 0.196875 0.2671875
2 0.625 0.23828125 0.16328125 0.3125
