2 0.521875 0.5015625 0.9515625 0.99296875
2 0.4515625 0.21875 0.39453125 0.4234375
2 0.2546875 0.6234375 0.21171875 0.43046875
2 0.10078125 0.20703125 0.09609375 0.40390625
2 0.69375 0.8453125 0.290625 0.30546875
2 0.67578125 0.3796875 0.21640625 0.59140625
2 0.7921875 0.24140625 0.2234375 0.46875
2 0.47578125 0.77421875 0.20703125 0.3078125
2 0.87734375 0.5953125 0.1921875 0.26171875
2 0.9265625 0.20546875 0.11328125 0.396875
2 0.9171875 0.8734375 0.1609375 0.25234375
2 0.9203125 0.54921875 0.15390625 0.43984375
2 0.515625 0.40390625 0.50703125 0.79296875
2 0.15625 0.18515625 0.196875 0.35546875
2 0.22265625 0.8390625 0.3296875 0.3171875
