2 0.49609375 0.4828125 0.15625 0.946875
2 0.4046875 0.4890625 0.11328125 0.8578125
2 0.321875 0.4890625 0.10546875 0.78125
2 0.23046875 0.4953125 0.10546875 0.75
2 0.5890625 0.4890625 0.10078125 0.8578125
2 0.67421875 0.48828125 0.0984375 0.78828125
2 0.7703125 0.48671875 0.11328125 0.74296875
0 0.5 0.96171875 0.0765625 0.04296875
0 0.4234375 0.928125 0.0578125 0.02890625
0 0.3390625 0.89765625 0.0578125 0.021875
0 0.25 0.8703125 0.053125 0.03359375
0 0.57578125 0.91796875 0.06484375 0.03359375
0 0.6703125 0.8796875 0.0578125 0.03359375
0 0.7671875 0.86328125 0.0578125 0.03359375
