2 0.725 0.65859375 0.30078125 0.15390625
2 0.8609375 0.43046875 0.1921875 0.09609375
2 0.71640625 0.3125 0.196875 0.0578125
2 0.25 0.6828125 0.4421875 0.34609375
2 0.3921875 0.5296875 0.28828125 0.1421875
2 0.61796875 0.490625 0.1296875 0.10546875
2 0.74375 0.5015625 0.1421875 0.0984375
2 0.5671875 0.42578125 0.125 0.0578125
2 0.57421875 0.34375 0.0671875 0.03359375
2 0.390625 0.29453125 0.103125 0.0984375
2 0.2875 0.31484375 0.12734375 0.03828125
2 0.19375 0.359375 0.12734375 0.084375
2 0.1578125 0.4390625 0.13671875 0.040625
2 0.3890625 0.41328125 0.16328125 0.0625
