1 0.06953125 0.6875 0.125 0.6109375
1 0.23203125 0.46875 0.44453125 0.3265625
1 0.375 0.72734375 0.5625 0.53125
1 0.29453125 0.17578125 0.56953125 0.35078125
1 0.55078125 0.69921875 0.33671875 0.58671875
1 0.65625 0.8296875 0.2984375 0.3265625
1 0.83203125 0.84140625 0.21171875 0.27421875
1 0.95546875 0.7859375 0.084375 0.259375
1 0.9265625 0.9109375 0.06953125 0.08671875
1 0.89921875 0.50390625 0.1390625 0.11796875
1 0.8015625 0.55546875 0.31953125 0.3125
1 0.6609375 0.36796875 0.35078125 0.1875
1 0.92421875 0.37890625 0.146875 0.1515625
1 0.9359375 0.5328125 0.12265625 0.2671875
1 0.7765625 0.23203125 0.4421875 0.4640625
1 0.68046875 0.21171875 0.6109375 0.4234375
1 0.50234375 0.49765625 0.990625 0.9953125
