2 0.1109375 0.41015625 0.08203125 0.1421875
2 0.2078125 0.39453125 0.09375 0.16328125
2 0.31015625 0.38203125 0.10078125 0.1875
2 0.4203125 0.37265625 0.10078125 0.21640625
2 0.54296875 0.3578125 0.115625 0.2359375
2 0.68046875 0.33203125 0.134375 0.2984375
2 0.84375 0.2859375 0.1734375 0.375
2 0.11328125 0.89921875 0.0765625 0.134375
2 0.2046875 0.884375 0.08203125 0.15859375
2 0.3078125 0.87265625 0.09609375 0.1875
2 0.4234375 0.86328125 0.10546875 0.21171875
2 0.54296875 0.85078125 0.125 0.2359375
2 0.678125 0.821875 0.1390625 0.28359375
2 0.8296875 0.7765625 0.16328125 0.3703125
0 0.83671875 0.553125 0.071875 0.0671875
0 0.68515625 0.63671875 0.071875 0.0625
0 0.54296875 0.69453125 0.071875 0.071875
0 0.42578125 0.71875 0.0765625 0.0765625
0 0.30546875 0.740625 0.0765625 0.0671875
0 0.20703125 0.77421875 0.0671875 0.0625
0 0.1109375 0.7953125 0.0671875 0.071875
0 0.1109375 0.30546875 0.0765625 0.0671875
0 0.2015625 0.2765625 0.0765625 0.0625
0 0.303125 0.2546875 0.071875 0.071875
0 0.415625 0.2234375 0.0765625 0.071875
0 0.54296875 0.19921875 0.071875 0.0765625
0 0.68046875 0.14453125 0.071875 0.0578125
0 0.8484375 0.06484375 0.071875 0.0671875
