2 0.2234375 0.9390625 0.178125 0.11328125
2 0.06484375 0.9546875 0.1203125 0.08203125
2 0.0625 0.86875 0.115625 0.18046875
2 0.22109375 0.83984375 0.2546875 0.17578125
2 0.0765625 0.75 0.14453125 0.14921875
2 0.165625 0.74765625 0.21171875 0.16328125
2 0.4015625 0.9390625 0.1921875 0.11328125
2 0.51328125 0.91015625 0.146875 0.1703125
2 0.475 0.790625 0.24296875 0.2015625
2 0.30078125 0.82421875 0.10546875 0.09140625
2 0.34375 0.7546875 0.10078125 0.08671875
2 0.36640625 0.6828125 0.2234375 0.14921875
2 0.24609375 0.6828125 0.12734375 0.09609375
2 0.271875 0.584375 0.1109375 0.08203125
2 0.15625 0.58984375 0.134375 0.1703125
2 0.11328125 0.50703125 0.21640625 0.22109375
2 0.05546875 0.62734375 0.10078125 0.1203125
2 0.271875 0.490625 0.2015625 0.16328125
2 0.16796875 0.30625 0.10546875 0.1078125
2 0.125 0.35234375 0.15859375 0.11328125
2 0.0578125 0.2859375 0.10546875 0.1203125
2 0.03984375 0.3578125 0.06953125 0.0671875
2 0.08515625 0.228125 0.146875 0.125
2 0.05078125 0.12109375 0.09140625 0.1078125
2 0.14453125 0.1390625 0.115625 0.08203125
2 0.10078125 0.06015625 0.196875 0.1203125
2 0.92890625 0.7859375 0.13671875 0.27421875
2 0.7984375 0.853125 0.1734375 0.28359375
2 0.7296875 0.94140625 0.12734375 0.1078125
2 0.646875 0.9203125 0.14921875 0.14921875
2 0.6921875 0.8265625 0.10078125 0.09609375
2 0.6078125 0.803125 0.15859375 0.1390625
2 0.928125 0.915625 0.1390625 0.15859375
2 0.9671875 0.84140625 0.06015625 0.1875
2 0.66328125 0.64453125 0.071875 0.16328125
2 0.62265625 0.58046875 0.0765625 0.1703125
2 0.571875 0.6203125 0.08671875 0.16328125
2 0.50703125 0.553125 0.125 0.134375
2 0.42421875 0.59609375 0.18515625 0.1921875
2 0.4234375 0.4703125 0.071875 0.11328125
2 0.30546875 0.47734375 0.1390625 0.18046875
2 0.646875 0.26953125 0.15859375 0.16328125
2 0.52421875 0.2984375 0.10546875 0.22109375
2 0.43984375 0.25390625 0.115625 0.103125
2 0.38203125 0.3609375 0.115625 0.134375
2 0.33984375 0.29296875 0.06953125 0.14453125
2 0.259375 0.2984375 0.08671875 0.2015625
2 0.68125 0.37265625 0.165625 0.16328125
2 0.775 0.4265625 0.165625 0.18046875
2 0.87734375 0.5890625 0.15390625 0.14453125
2 0.77734375 0.6265625 0.146875 0.18046875
2 0.97109375 0.571875 0.053125 0.14453125
2 0.9671875 0.44609375 0.06015625 0.2328125
2 0.9078125 0.3421875 0.1078125 0.1078125
2 0.50078125 0.4984375 0.9984375 0.996875
2 0.7984375 0.28125 0.10546875 0.1203125
2 0.76171875 0.2015625 0.10078125 0.15390625
2 0.6828125 0.071875 0.134375 0.071875
2 0.65625 0.15 0.1390625 0.103125
2 0.5671875 0.0796875 0.09609375 0.08671875
2 0.553125 0.1390625 0.10078125 0.09140625
2 0.47734375 0.09765625 0.0890625 0.11328125
2 0.37265625 0.12890625 0.1203125 0.17578125
2 0.271875 0.11875 0.1109375 0.18515625
2 0.27421875 0.0484375 0.240625 0.09140625
2 0.4625 0.0421875 0.18046875 0.084375
2 0.64453125 0.0484375 0.23046875 0.09140625
2 0.8296875 0.040625 0.134375 0.071875
2 0.8609375 0.1421875 0.14453125 0.15859375
2 0.915625 0.2453125 0.16328125 0.08671875
2 0.9640625 0.13203125 0.071875 0.14921875
2 0.94140625 0.02890625 0.11328125 0.0578125
