4 0.88671875 0.353125 0.115625 0.5625
4 0.890625 0.6046875 0.06484375 0.06015625
4 0.80546875 0.46171875 0.1203125 0.71640625
4 0.7984375 0.790625 0.053125 0.0484375
4 0.7234375 0.6609375 0.053125 0.0671875
4 0.6296875 0.69140625 0.0578125 0.13671875
4 0.525 0.77421875 0.05078125 0.0484375
4 0.50390625 0.6296875 0.05078125 0.053125
4 0.43046875 0.65234375 0.0578125 0.06015625
4 0.34140625 0.5359375 0.053125 0.0671875
4 0.28828125 0.6609375 0.0578125 0.04296875
4 0.19921875 0.6515625 0.0484375 0.053125
4 0.1109375 0.6515625 0.053125 0.053125
4 0.61796875 0.41328125 0.1390625 0.6921875
4 0.72734375 0.38359375 0.0984375 0.62265625
4 0.52890625 0.65390625 0.1203125 0.27890625
4 0.5140625 0.3796875 0.08203125 0.553125
4 0.43046875 0.3796875 0.1109375 0.60546875
4 0.35 0.32109375 0.13203125 0.49765625
4 0.2859375 0.3921875 0.1203125 0.59609375
4 0.19609375 0.38828125 0.0890625 0.5796875
4 0.115625 0.38359375 0.10546875 0.5890625