2 0.728125 0.61328125 0.1296875 0.7015625
2 0.61875 0.56953125 0.0984375 0.65859375
2 0.5140625 0.6203125 0.1296875 0.696875
2 0.46484375 0.571875 0.05546875 0.53359375
2 0.3890625 0.56953125 0.1109375 0.65859375
2 0.29296875 0.59609375 0.1390625 0.7453125
0 0.728125 0.26171875 0.0578125 0.03359375
0 0.6078125 0.23046875 0.053125 0.02890625
0 0.5140625 0.2640625 0.053125 0.03828125
0 0.4703125 0.290625 0.0359375 0.02890625
0 0.3703125 0.228125 0.053125 0.03359375
0 0.28359375 0.2125 0.0578125 0.021875
