2 0.60078125 0.81015625 0.678125 0.1203125
2 0.5265625 0.68984375 0.77890625 0.125
2 0.52734375 0.56484375 0.81484375 0.125
2 0.50703125 0.43984375 0.8703125 0.134375
2 0.50703125 0.30859375 0.8703125 0.13671875
2 0.5453125 0.1828125 0.79296875 0.125
0 0.2453125 0.81484375 0.02421875 0.0484375
0 0.11796875 0.68984375 0.02890625 0.053125
0 0.1109375 0.5625 0.02890625 0.0578125
0 0.05390625 0.43515625 0.0359375 0.0625
0 0.0484375 0.303125 0.02421875 0.053125
0 0.125 0.17890625 0.02421875 0.05078125
