2 0.759375 0.5484375 0.23046875 0.240625
2 0.8578125 0.50625 0.240625 0.209375
2 0.5109375 0.63125 0.2671875 0.25703125
2 0.25 0.5484375 0.25 0.240625
2 0.13671875 0.49765625 0.2359375 0.22109375
4 0.51171875 0.43984375 0.27421875 0.125
4 0.76171875 0.375 0.2453125 0.125
4 0.8578125 0.33203125 0.22109375 0.1203125
4 0.615625 0.321875 0.22578125 0.10078125
4 0.50703125 0.3484375 0.25 0.0765625
4 0.37734375 0.3078125 0.23046875 0.071875
4 0.25703125 0.375 0.2453125 0.125
4 0.134375 0.32421875 0.23046875 0.10546875
