2 0.44453125 0.72578125 0.4515625 0.23046875
2 0.54453125 0.7953125 0.37734375 0.1875
2 0.61875 0.86171875 0.3296875 0.165625
2 0.44453125 0.47578125 0.4515625 0.23046875
2 0.45546875 0.228125 0.43984375 0.2453125
2 0.61875 0.6765625 0.3296875 0.1515625
2 0.553125 0.58203125 0.365625 0.16796875
2 0.553125 0.3796875 0.3703125 0.1828125
2 0.5578125 0.1703125 0.3703125 0.1828125
2 0.6234375 0.31640625 0.31953125 0.1515625
2 0.68984375 0.5015625 0.1875 0.146875
2 0.68515625 0.12734375 0.196875 0.15390625
