2 0.66484375 0.12890625 0.25703125 0.24765625
2 0.2359375 0.16328125 0.2640625 0.23046875
2 0.65234375 0.50234375 0.25234375 0.240625
2 0.2203125 0.4953125 0.24296875 0.21640625
2 0.225 0.8328125 0.25234375 0.228125
2 0.64765625 0.87265625 0.25703125 0.25
2 0.68984375 0.17890625 0.40859375 0.30546875
2 0.28828125 0.21171875 0.34140625 0.28359375
2 0.28515625 0.51328125 0.3296875 0.2671875
2 0.6765625 0.5171875 0.3921875 0.29296875
2 0.6703125 0.84765625 0.3796875 0.2859375
2 0.28984375 0.8109375 0.3296875 0.26171875
