2 0.8640625 0.09609375 0.146875 0.1109375
2 0.93984375 0.15390625 0.1109375 0.1203125
2 0.96171875 0.08203125 0.071875 0.08203125
2 0.709375 0.078125 0.1109375 0.09375
2 0.7015625 0.15859375 0.125 0.0671875
2 0.76953125 0.16953125 0.125 0.0984375
2 0.859375 0.25234375 0.1421875 0.1390625
2 0.94453125 0.225 0.10078125 0.09375
2 0.928125 0.31953125 0.1390625 0.10546875
2 0.921875 0.44921875 0.146875 0.15859375
2 0.91796875 0.5828125 0.15390625 0.1609375
2 0.8453125 0.74296875 0.2046875 0.115625
2 0.96171875 0.7328125 0.071875 0.16796875
2 0.896875 0.87734375 0.15390625 0.1109375
2 0.953125 0.86796875 0.084375 0.15859375
2 0.759375 0.83671875 0.10546875 0.115625
2 0.77421875 0.928125 0.08203125 0.1109375
2 0.8921875 0.959375 0.15390625 0.0671875
2 0.69921875 0.68046875 0.125 0.15859375
2 0.69453125 0.5609375 0.09609375 0.0890625
2 0.73671875 0.49296875 0.084375 0.0765625
2 0.8015625 0.48828125 0.084375 0.0765625
2 0.76796875 0.43046875 0.146875 0.0765625
2 0.8125 0.36640625 0.10078125 0.103125
2 0.73671875 0.34765625 0.084375 0.0890625
2 0.76328125 0.259375 0.09375 0.1109375
2 0.68984375 0.24765625 0.125 0.1203125
2 0.02734375 0.9515625 0.05078125 0.08671875
2 0.08203125 0.946875 0.0671875 0.08203125
2 0.146875 0.95703125 0.08203125 0.08203125
2 0.225 0.9640625 0.084375 0.0578125
2 0.290625 0.9640625 0.0484375 0.04296875
2 0.3609375 0.9640625 0.071875 0.0484375
2 0.41484375 0.9515625 0.0359375 0.071875
2 0.46171875 0.96875 0.0765625 0.04296875
2 0.59375 0.821875 0.10078125 0.15859375
2 0.7015625 0.865625 0.09609375 0.16328125
2 0.515625 0.90390625 0.1421875 0.1203125
2 0.5796875 0.9515625 0.15859375 0.08203125
2 0.72578125 0.94609375 0.134375 0.084375
2 0.4171875 0.8640625 0.084375 0.09375
2 0.35078125 0.87265625 0.115625 0.0625
2 0.33671875 0.81484375 0.1109375 0.071875
2 0.4375 0.76953125 0.1296875 0.115625
2 0.515625 0.7828125 0.0890625 0.0890625
2 0.4390625 0.66484375 0.146875 0.084375
2 0.5796875 0.70703125 0.125 0.10546875
2 0.48046875 0.24765625 0.1875 0.1203125
2 0.4328125 0.1703125 0.10546875 0.0625
2 0.509375 0.12265625 0.1109375 0.1296875
2 0.44453125 0.103125 0.125 0.125
2 0.37265625 0.1109375 0.10078125 0.115625
2 0.48828125 0.390625 0.1109375 0.146875
2 0.584375 0.40390625 0.1203125 0.1109375
2 0.6078125 0.4859375 0.1203125 0.134375
2 0.5578125 0.5734375 0.1203125 0.0890625
2 0.51171875 0.5375 0.16796875 0.1421875
2 0.3484375 0.54296875 0.10078125 0.125
2 0.321875 0.4421875 0.0765625 0.1109375
2 0.40234375 0.3890625 0.084375 0.0765625
2 0.35078125 0.3296875 0.071875 0.10546875
2 0.2359375 0.890625 0.115625 0.084375
2 0.24140625 0.81640625 0.0890625 0.09375
2 0.03125 0.87265625 0.053125 0.10546875
2 0.11328125 0.86328125 0.1203125 0.0625
2 0.15859375 0.8078125 0.10078125 0.0671875
2 0.0828125 0.7828125 0.05078125 0.0890625
2 0.14453125 0.72578125 0.1203125 0.09609375
2 0.22109375 0.65234375 0.1828125 0.146875
2 0.32578125 0.69921875 0.1421875 0.134375
2 0.1703125 0.6046875 0.125 0.0890625
2 0.2546875 0.525 0.125 0.0984375
2 0.15390625 0.54296875 0.0765625 0.071875
2 0.0796875 0.5984375 0.1296875 0.15390625
2 0.04296875 0.52890625 0.08203125 0.15390625
2 0.103125 0.484375 0.115625 0.0890625
2 0.12109375 0.4234375 0.1421875 0.115625
2 0.24765625 0.353125 0.1109375 0.1296875
2 0.209375 0.4421875 0.10546875 0.0671875
2 0.12265625 0.3328125 0.1296875 0.1421875
2 0.228125 0.2328125 0.10078125 0.0765625
2 0.3328125 0.22109375 0.1421875 0.1203125
2 0.27265625 0.14296875 0.13203125 0.0984375
2 0.2859375 0.0890625 0.125 0.10546875
2 0.071875 0.15390625 0.08203125 0.0578125
2 0.11171875 0.1265625 0.1078125 0.0890625
2 0.19921875 0.16015625 0.1203125 0.1078125
2 0.05078125 0.078125 0.09609375 0.084375
2 0.0296875 0.1828125 0.05546875 0.16328125
2 0.12890625 0.2125 0.1421875 0.09375
2 0.0296875 0.30625 0.05546875 0.0984375
2 0.0296875 0.40390625 0.05546875 0.1109375
2 0.04296875 0.67578125 0.08203125 0.14453125
2 0.0359375 0.78359375 0.071875 0.08203125
2 0.83203125 0.58046875 0.178125 0.165625
