2 0.290625 0.2875 0.14921875 0.42578125
2 0.34375 0.19921875 0.10546875 0.28828125
2 0.46640625 0.57578125 0.34140625 0.7328125
2 0.62265625 0.21484375 0.09140625 0.26171875
2 0.53359375 0.17578125 0.08203125 0.22109375
2 0.446875 0.146875 0.0671875 0.21171875
2 0.4703125 0.35078125 0.18046875 0.4953125
2 0.696875 0.4046875 0.20703125 0.5984375
4 0.625 0.4234375 0.0625 0.14453125
4 0.53984375 0.36796875 0.06015625 0.14921875
4 0.44609375 0.3125 0.06015625 0.1109375
4 0.34375 0.3859375 0.071875 0.06953125
4 0.3078125 0.55390625 0.1109375 0.0984375
4 0.5 0.6578125 0.1203125 0.103125
4 0.6984375 0.72578125 0.084375 0.03359375
4 0.4703125 0.96640625 0.084375 0.03828125
