0 0.7390625 0.8796875 0.30546875 0.23046875
0 0.896875 0.8640625 0.2015625 0.24296875
0 0.3796875 0.9046875 0.240625 0.18046875
0 0.1625 0.8609375 0.18515625 0.26953125
0 0.03828125 0.884375 0.071875 0.22109375
0 0.1078125 0.63125 0.215625 0.284375
0 0.25 0.70703125 0.071875 0.21640625
0 0.44921875 0.7140625 0.33203125 0.365625
0 0.5453125 0.88671875 0.10078125 0.21640625
0 0.88359375 0.57421875 0.228125 0.28359375
0 0.94375 0.72109375 0.1078125 0.08203125
0 0.8171875 0.72734375 0.09609375 0.040625
0 0.871875 0.15 0.25 0.3
0 0.953125 0.33515625 0.0890625 0.24765625
0 0.78515625 0.39453125 0.32421875 0.27421875
0 0.6609375 0.63671875 0.20703125 0.2640625
0 0.2859375 0.634375 0.09140625 0.14453125
0 0.525 0.39296875 0.2859375 0.4640625
0 0.46640625 0.51796875 0.0671875 0.18046875
0 0.73046875 0.14453125 0.178125 0.28828125
0 0.59609375 0.15390625 0.1296875 0.303125
0 0.3953125 0.09609375 0.3390625 0.1921875
0 0.35078125 0.37265625 0.1875 0.3703125
0 0.16328125 0.38203125 0.240625 0.41328125
0 0.04296875 0.20625 0.0859375 0.403125
0 0.17890625 0.0921875 0.2671875 0.184375
0 0.03359375 0.4390625 0.0671875 0.15625
