1 0.4375 0.8421875 0.16328125 0.146875
1 0.43359375 0.709375 0.146875 0.1296875
1 0.578125 0.85 0.1515625 0.1421875
1 0.625 0.7765625 0.0578125 0.1921875
1 0.6515625 0.76171875 0.0484375 0.1734375
1 0.66328125 0.8171875 0.0625 0.2984375
1 0.56484375 0.71171875 0.125 0.125
1 0.44140625 0.58203125 0.1421875 0.1390625
1 0.56640625 0.57578125 0.1421875 0.146875
1 0.4421875 0.446875 0.1296875 0.1296875
1 0.56953125 0.4375 0.134375 0.1203125
1 0.65859375 0.521875 0.071875 0.29296875
1 0.50234375 0.3296875 0.1875 0.10546875
1 0.61640625 0.29296875 0.09375 0.15859375
1 0.6546875 0.25625 0.03125 0.09375
1 0.43515625 0.22109375 0.28359375 0.1921875
1 0.58046875 0.12265625 0.209375 0.1921875
