0 0.86796875 0.65234375 0.259375 0.28125
0 0.88203125 0.375 0.115625 0.27421875
0 0.73046875 0.38203125 0.25 0.26953125
0 0.60546875 0.15234375 0.26953125 0.19921875
0 0.509375 0.2953125 0.2546875 0.26953125
0 0.68515625 0.5453125 0.1203125 0.0671875
0 0.70703125 0.7046875 0.240625 0.26953125
0 0.65625 0.86171875 0.1203125 0.05546875
0 0.459375 0.8609375 0.27421875 0.27421875
0 0.2515625 0.86328125 0.2140625 0.26953125
0 0.4859375 0.58203125 0.2640625 0.259375
0 0.2828125 0.584375 0.209375 0.2640625
0 0.228125 0.275 0.3265625 0.2765625
0 0.17578125 0.14296875 0.33203125 0.2765625
0 0.40859375 0.140625 0.1921875 0.1703125
0 0.60078125 0.5 0.27890625 0.1390625
