4 0.51953125 0.90390625 0.1390625 0.08203125
4 0.48046875 0.75 0.125 0.0765625
4 0.42578125 0.6046875 0.1296875 0.0890625
4 0.3921875 0.459375 0.115625 0.071875
4 0.365625 0.32421875 0.115625 0.071875
4 0.34609375 0.18984375 0.1203125 0.0671875
4 0.321875 0.0671875 0.1203125 0.071875
4 0.6921875 0.24765625 0.1296875 0.0765625
4 0.7671875 0.43046875 0.1296875 0.0765625
4 0.87265625 0.6265625 0.125 0.084375
4 0.9203125 0.859375 0.125 0.0890625
4 0.696875 0.09375 0.1296875 0.08203125
4 0.3265625 0.9015625 0.51953125 0.1203125
4 0.59609375 0.85703125 0.77421875 0.209375
4 0.5796875 0.6296875 0.71171875 0.1921875
4 0.52265625 0.43046875 0.61796875 0.16328125
4 0.4859375 0.24375 0.54296875 0.1421875
4 0.490625 0.09375 0.53359375 0.125
4 0.3078125 0.75234375 0.48046875 0.115625
4 0.28125 0.6109375 0.41796875 0.115625
4 0.25859375 0.46171875 0.38203125 0.10078125
4 0.2453125 0.32421875 0.35546875 0.09609375
4 0.2328125 0.1890625 0.33203125 0.09375
4 0.22265625 0.0671875 0.31953125 0.08203125