2 0.62265625 0.5 0.22109375 0.2453125
2 0.50234375 0.2171875 0.22109375 0.25703125
2 0.790625 0.75234375 0.125 0.22109375
2 0.615625 0.834375 0.21640625 0.2453125
2 0.38671875 0.85078125 0.22109375 0.2453125
2 0.22578125 0.7546875 0.1109375 0.2359375
2 0.39921875 0.5328125 0.2359375 0.26171875
0 0.771875 0.6078125 0.1828125 0.1203125
0 0.61796875 0.6703125 0.21171875 0.115625
0 0.63359375 0.35546875 0.209375 0.09609375
0 0.5 0.071875 0.22578125 0.071875
0 0.46015625 0.30078125 0.209375 0.0671875
0 0.39453125 0.3734375 0.21640625 0.0890625
0 0.23828125 0.6078125 0.1390625 0.1203125
0 0.3890625 0.7015625 0.22578125 0.10546875
0 0.26171875 0.521875 0.053125 0.08203125
