4 0.1203125 0.375 0.1875 0.47109375
4 0.23203125 0.30859375 0.0890625 0.32421875
4 0.321875 0.3125 0.10078125 0.33671875
4 0.31953125 0.4578125 0.0625 0.0359375
4 0.2359375 0.46015625 0.04296875 0.03125
4 0.1265625 0.58671875 0.084375 0.04296875
4 0.4703125 0.69453125 0.09375 0.053125
4 0.365625 0.9421875 0.10546875 0.0625
4 0.7015625 0.86328125 0.125 0.071875
4 0.853125 0.696875 0.09609375 0.0671875
4 0.6609375 0.6703125 0.0671875 0.0484375
4 0.36328125 0.58671875 0.35078125 0.7640625
4 0.44453125 0.4375 0.28359375 0.571875
4 0.65859375 0.4234375 0.15859375 0.54296875
4 0.84609375 0.4328125 0.25 0.58671875
4 0.67890625 0.71171875 0.271875 0.35546875