2 0.634375 0.13203125 0.15859375 0.2546875
2 0.6359375 0.2453125 0.0453125 0.115625
2 0.6875 0.22265625 0.02890625 0.084375
2 0.65625 0.4375 0.16328125 0.14921875
2 0.7125 0.303125 0.2140625 0.375
2 0.8703125 0.25390625 0.0671875 0.15625
2 0.9203125 0.1609375 0.0578125 0.125
2 0.90625 0.40625 0.0484375 0.09140625
2 0.76171875 0.57578125 0.14921875 0.2234375
2 0.84140625 0.57578125 0.04296875 0.1515625
2 0.875 0.60703125 0.0484375 0.19921875
2 0.93984375 0.540625 0.10078125 0.115625
2 0.9125 0.68515625 0.0453125 0.115625
2 0.96640625 0.64453125 0.04296875 0.0484375
2 0.96875 0.8328125 0.0578125 0.084375
2 0.91953125 0.93515625 0.0265625 0.0484375
2 0.89921875 0.89296875 0.03359375 0.0359375
2 0.853125 0.796875 0.053125 0.084375
2 0.79453125 0.84609375 0.0265625 0.09140625
2 0.81484375 0.94921875 0.0671875 0.10078125
2 0.74140625 0.9203125 0.05546875 0.15390625
2 0.74296875 0.75 0.0484375 0.09140625
2 0.66328125 0.7328125 0.02890625 0.04296875
2 0.6734375 0.91328125 0.02890625 0.09140625
2 0.6265625 0.790625 0.0984375 0.09609375
2 0.5953125 0.64921875 0.0890625 0.115625
2 0.65390625 0.47109375 0.3125 0.240625
2 0.4796875 0.2015625 0.15625 0.33203125
2 0.38203125 0.1265625 0.053125 0.084375
2 0.459375 0.446875 0.15390625 0.2640625
2 0.33203125 0.42578125 0.125 0.2453125
2 0.4953125 0.73828125 0.0625 0.1734375
2 0.5359375 0.834375 0.071875 0.09140625
2 0.5375 0.9265625 0.1078125 0.1421875
2 0.609375 0.95703125 0.13203125 0.08203125
2 0.4359375 0.95078125 0.11796875 0.09375
2 0.3640625 0.87734375 0.15625 0.16328125
2 0.2828125 0.94140625 0.0890625 0.06015625
2 0.34375 0.78984375 0.20703125 0.2046875
2 0.41796875 0.790625 0.03359375 0.071875
2 0.32109375 0.75 0.1609375 0.1390625
2 0.39296875 0.6453125 0.1609375 0.084375
2 0.3484375 0.615625 0.1203125 0.09609375
2 0.23671875 0.6296875 0.1421875 0.115625
2 0.13359375 0.49140625 0.26171875 0.0890625
2 0.103125 0.3859375 0.2015625 0.28125
2 0.11640625 0.36171875 0.12265625 0.13203125
2 0.2828125 0.15390625 0.1421875 0.2359375
2 0.11328125 0.2453125 0.0671875 0.0671875
2 0.17578125 0.24765625 0.0625 0.071875
2 0.13828125 0.14453125 0.1515625 0.240625
2 0.1109375 0.10078125 0.0765625 0.1875
2 0.17578125 0.0578125 0.0671875 0.10078125
2 0.165625 0.615625 0.178125 0.240625
2 0.071875 0.7953125 0.1296875 0.16796875
2 0.165625 0.7859375 0.0671875 0.0671875
2 0.1921875 0.84140625 0.053125 0.09140625
2 0.18515625 0.9390625 0.09609375 0.11796875
2 0.0453125 0.9109375 0.0671875 0.071875
2 0.54296875 0.62109375 0.0578125 0.0359375
