0 0.359375 0.18046875 0.271875 0.21640625
0 0.6265625 0.21875 0.26171875 0.178125
0 0.61640625 0.3078125 0.26171875 0.22109375
0 0.84375 0.4203125 0.1921875 0.2359375
0 0.703125 0.50703125 0.25703125 0.22109375
0 0.87734375 0.5890625 0.1203125 0.1828125
0 0.70078125 0.6828125 0.26171875 0.1828125
0 0.72265625 0.7484375 0.26171875 0.271875
0 0.84765625 0.7984375 0.26171875 0.28828125
0 0.30625 0.334375 0.25703125 0.23046875
0 0.52890625 0.41796875 0.196875 0.23046875
0 0.4265625 0.51171875 0.25703125 0.23046875
0 0.24765625 0.4375 0.2359375 0.2359375
0 0.15859375 0.5484375 0.2546875 0.23046875
0 0.15859375 0.728125 0.2453125 0.1875
0 0.42578125 0.70078125 0.2546875 0.19921875
