1 0.69609375 0.1421875 0.59375 0.2640625
1 0.85546875 0.41015625 0.27421875 0.25703125
1 0.5625 0.36796875 0.3125 0.1875
1 0.7984375 0.70078125 0.3890625 0.38203125
1 0.7546875 0.865625 0.48046875 0.2640625
1 0.45703125 0.5796875 0.35078125 0.4375
1 0.52421875 0.38828125 0.3609375 0.25703125
1 0.33671875 0.11328125 0.1109375 0.21171875
1 0.24296875 0.359375 0.1875 0.28125
1 0.3125 0.16953125 0.25 0.31953125
1 0.16484375 0.16015625 0.15625 0.30546875
1 0.0796875 0.125 0.1109375 0.2359375
1 0.08203125 0.33984375 0.16328125 0.19453125
1 0.0328125 0.72109375 0.06484375 0.553125
1 0.11875 0.928125 0.11328125 0.1390625
1 0.0828125 0.79453125 0.06953125 0.13203125
1 0.15625 0.55078125 0.2015625 0.33671875
1 0.21875 0.70078125 0.2640625 0.44453125
1 0.38203125 0.8390625 0.40859375 0.3171875
1 0.49765625 0.50234375 0.9953125 0.990625
