3 0.53125 0.40390625 0.71640625 0.71640625
3 0.14140625 0.52109375 0.2203125 0.9578125
3 0.321875 0.86171875 0.14453125 0.271875
3 0.7453125 0.046875 0.178125 0.084375
3 0.584375 0.0671875 0.14921875 0.1296875
3 0.43515625 0.0625 0.14921875 0.1203125
3 0.2984375 0.07109375 0.178125 0.13203125
3 0.13828125 0.04296875 0.165625 0.08203125
3 0.90625 0.0578125 0.178125 0.10546875
3 0.9671875 0.071875 0.06015625 0.115625
3 0.9640625 0.165625 0.071875 0.08203125
3 0.89453125 0.15234375 0.115625 0.09375
3 0.78515625 0.140625 0.0984375 0.11328125
3 0.665625 0.13671875 0.115625 0.10078125
3 0.48203125 0.7953125 0.165625 0.196875
3 0.4734375 0.9203125 0.22109375 0.0625
3 0.91015625 0.9265625 0.17578125 0.0359375
3 0.91015625 0.89765625 0.17578125 0.0265625
3 0.915625 0.86875 0.16328125 0.0359375
3 0.91796875 0.83671875 0.15859375 0.02890625
3 0.91796875 0.8109375 0.15859375 0.03125
3 0.915625 0.7796875 0.16328125 0.0359375
3 0.91015625 0.75625 0.17578125 0.0359375
3 0.915625 0.72109375 0.16328125 0.03828125
3 0.921875 0.6890625 0.1515625 0.0359375
3 0.91015625 0.66015625 0.17578125 0.0359375
3 0.91015625 0.6234375 0.17578125 0.040625
3 0.91015625 0.59140625 0.17578125 0.03828125
3 0.91796875 0.55859375 0.15859375 0.03125
3 0.91015625 0.52265625 0.17578125 0.040625
3 0.90390625 0.48671875 0.1875 0.0359375
3 0.9125 0.4578125 0.1703125 0.040625
3 0.91015625 0.2640625 0.17578125 0.125
3 0.90859375 0.37890625 0.1828125 0.11328125