3 0.73046875 0.7953125 0.46640625 0.39921875
3 0.96171875 0.8578125 0.071875 0.27421875
3 0.95546875 0.678125 0.084375 0.15390625
3 0.946875 0.52265625 0.10078125 0.18046875
3 0.93984375 0.47109375 0.115625 0.23046875
3 0.9375 0.30078125 0.1203125 0.20703125
3 0.928125 0.19921875 0.1390625 0.16796875
3 0.915625 0.15625 0.16328125 0.3125
3 0.8875 0.1390625 0.21875 0.278125
3 0.67421875 0.59609375 0.396875 0.1875
3 0.665625 0.47109375 0.3796875 0.16328125
3 0.6296875 0.3578125 0.3125 0.14921875
3 0.6390625 0.3125 0.3703125 0.28359375
3 0.6203125 0.1390625 0.33203125 0.115625
3 0.61328125 0.04921875 0.33203125 0.0984375
3 0.259375 0.7828125 0.4859375 0.3390625
3 0.2484375 0.9171875 0.496875 0.153125
3 0.26171875 0.59375 0.4234375 0.14921875
3 0.259375 0.4953125 0.39921875 0.08203125
3 0.26328125 0.42890625 0.396875 0.103125
3 0.2671875 0.38125 0.39921875 0.13671875
3 0.2640625 0.3078125 0.3890625 0.1203125
3 0.259375 0.2671875 0.3703125 0.115625
3 0.271875 0.209375 0.35078125 0.08671875
3 0.27421875 0.16328125 0.35078125 0.1109375
3 0.28125 0.0890625 0.3265625 0.0671875
3 0.27421875 0.06875 0.34140625 0.13671875
3 0.025 0.728125 0.05 0.240625
3 0.02890625 0.50234375 0.0578125 0.23046875
3 0.04921875 0.2546875 0.0984375 0.27890625
3 0.05546875 0.0578125 0.1109375 0.115625
3 0.4984375 0.49765625 0.996875 0.9953125