3 0.4421875 0.921875 0.3609375 0.11328125
3 0.38203125 0.8609375 0.27890625 0.115625
3 0.23046875 0.75625 0.2359375 0.09375
3 0.31953125 0.74140625 0.2546875 0.0984375
3 0.26171875 0.65390625 0.27421875 0.09609375
3 0.18984375 0.52890625 0.20703125 0.071875
3 0.3171875 0.52421875 0.125 0.08203125
3 0.39921875 0.46640625 0.259375 0.10078125
3 0.18984375 0.40234375 0.20703125 0.0796875
3 0.234375 0.2453125 0.2671875 0.09609375
3 0.26171875 0.1421875 0.27421875 0.10546875
3 0.3390625 0.0640625 0.303125 0.0984375
3 0.5578125 0.0984375 0.27890625 0.1109375
3 0.671875 0.20546875 0.2859375 0.13671875
3 0.50703125 0.303125 0.29296875 0.134375
3 0.33203125 0.19921875 0.27890625 0.10546875
3 0.3921875 0.353125 0.21171875 0.10078125
3 0.5875 0.43125 0.18046875 0.1078125
3 0.571875 0.57421875 0.259375 0.10546875
3 0.4859375 0.65234375 0.1875 0.0984375
3 0.553125 0.7140625 0.2359375 0.10078125
3 0.59140625 0.8125 0.2359375 0.10078125
3 0.75234375 0.6828125 0.34609375 0.134375
3 0.66796875 0.53359375 0.27890625 0.125
3 0.67421875 0.36796875 0.11796875 0.1203125