1 0.6890625 0.30078125 0.28125 0.14921875
1 0.65 0.234375 0.46875 0.28125
3 0.37265625 0.1765625 0.41328125 0.13203125
3 0.49609375 0.2671875 0.18046875 0.125
3 0.3484375 0.26171875 0.39921875 0.14921875
3 0.3609375 0.40234375 0.4234375 0.13203125
3 0.3453125 0.32578125 0.40625 0.13203125
3 0.3453125 0.4734375 0.34375 0.08671875
3 0.3609375 0.5484375 0.3609375 0.125
3 0.34765625 0.64453125 0.36796875 0.08671875
3 0.35546875 0.76328125 0.35078125 0.13203125
3 0.6421875 0.75859375 0.375 0.09375
3 0.63203125 0.81640625 0.375 0.05546875
3 0.68125 0.7046875 0.28125 0.1109375
3 0.6875 0.68515625 0.3265625 0.10078125
3 0.70703125 0.6140625 0.33671875 0.11796875
3 0.69921875 0.55625 0.33671875 0.15625
3 0.6734375 0.5046875 0.3265625 0.08671875
3 0.6875 0.44453125 0.3265625 0.1109375
3 0.6875 0.3796875 0.3125 0.14921875
