2 0.4984375 0.50078125 0.996875 0.9984375
2 0.228125 0.1984375 0.4421875 0.38203125
2 0.2453125 0.0765625 0.48046875 0.14453125
2 0.47109375 0.0671875 0.0765625 0.115625
2 0.7515625 0.0671875 0.49296875 0.1296875
2 0.4328125 0.2515625 0.16328125 0.26171875
2 0.7296875 0.13671875 0.53125 0.1875
2 0.64765625 0.29296875 0.31484375 0.2015625
2 0.53359375 0.39921875 0.2015625 0.1828125
2 0.25 0.49140625 0.490625 0.43984375
2 0.178125 0.69609375 0.34609375 0.4015625
2 0.39921875 0.8234375 0.23046875 0.1078125
2 0.578125 0.6828125 0.3921875 0.40390625
2 0.74296875 0.40859375 0.3703125 0.3890625
2 0.803125 0.75859375 0.3890625 0.37734375
2 0.9203125 0.55546875 0.15390625 0.08671875
