0 0.62734375 0.49765625 0.14453125 0.2015625
0 0.484375 0.60546875 0.15625 0.196875
0 0.49296875 0.40625 0.14921875 0.196875
0 0.359375 0.303125 0.165625 0.196875
0 0.24609375 0.203125 0.1609375 0.18515625
0 0.12734375 0.1109375 0.1828125 0.1875
0 0.35703125 0.509375 0.1703125 0.1921875
0 0.22578125 0.4078125 0.1390625 0.18515625
0 0.1109375 0.31484375 0.1828125 0.1828125
0 0.1078125 0.5171875 0.1875 0.1875
0 0.2296875 0.60546875 0.17578125 0.1921875
0 0.35703125 0.71171875 0.1609375 0.1921875
0 0.23203125 0.80546875 0.1703125 0.1921875
0 0.11640625 0.9 0.1703125 0.18515625
0 0.0890625 0.71015625 0.125 0.18515625
