2 0.2140625 0.80546875 0.428125 0.384375
2 0.2015625 0.80078125 0.25 0.1734375
2 0.271875 0.6921875 0.0765625 0.0625
2 0.296875 0.65 0.228125 0.15625
2 0.37890625 0.7015625 0.103125 0.15859375
2 0.40234375 0.8109375 0.0984375 0.103125
2 0.48046875 0.7453125 0.1390625 0.196875
2 0.65234375 0.921875 0.209375 0.1515625
2 0.68125 0.8265625 0.4203125 0.34140625
2 0.71640625 0.56015625 0.3125 0.34609375
2 0.73046875 0.5265625 0.196875 0.34609375
2 0.6390625 0.2953125 0.1296875 0.22109375
2 0.5984375 0.178125 0.0578125 0.03359375
2 0.50234375 0.178125 0.115625 0.29296875
2 0.5484375 0.35 0.0484375 0.11796875
2 0.5046875 0.38125 0.08671875 0.06484375
2 0.45703125 0.35078125 0.08203125 0.053125
2 0.4640625 0.4515625 0.1828125 0.22578125
2 0.39453125 0.521875 0.071875 0.08671875
2 0.37734375 0.446875 0.0578125 0.03828125
2 0.45703125 0.60078125 0.08203125 0.0671875
2 0.46171875 0.53828125 0.0625 0.0671875
