2 0.76328125 0.4640625 0.1609375 0.375
2 0.6109375 0.43046875 0.1296875 0.28828125
2 0.4859375 0.41484375 0.1203125 0.2234375
2 0.37109375 0.415625 0.0984375 0.20703125
2 0.27265625 0.40390625 0.0984375 0.1828125
2 0.17578125 0.4 0.08203125 0.15625
4 0.17578125 0.51171875 0.071875 0.0671875
4 0.271875 0.53359375 0.0671875 0.0671875
4 0.3703125 0.55546875 0.071875 0.071875
4 0.4859375 0.5578125 0.0765625 0.071875
4 0.61328125 0.61796875 0.071875 0.0671875
4 0.7671875 0.6828125 0.0765625 0.071875
