3 0.83203125 0.84140625 0.125 0.14453125
3 0.78828125 0.73046875 0.10078125 0.1296875
3 0.7015625 0.82421875 0.10546875 0.15390625
3 0.63125 0.728125 0.1078125 0.125
3 0.68515625 0.66328125 0.0765625 0.1203125
3 0.6234375 0.58671875 0.0890625 0.1203125
3 0.5 0.625 0.14921875 0.16328125
3 0.4828125 0.7484375 0.125 0.17578125
3 0.584375 0.896875 0.115625 0.16328125
3 0.353125 0.65390625 0.09609375 0.1203125
3 0.28359375 0.084375 0.0765625 0.08203125
3 0.209375 0.1359375 0.0765625 0.103125
3 0.39921875 0.23046875 0.0671875 0.1390625
3 0.31953125 0.23046875 0.10546875 0.14921875
3 0.23046875 0.25859375 0.0578125 0.103125
3 0.26953125 0.475 0.071875 0.11328125
3 0.321875 0.5484375 0.0671875 0.08203125
3 0.384375 0.521875 0.0578125 0.08203125
3 0.34609375 0.46171875 0.08203125 0.09609375
3 0.25234375 0.55546875 0.0765625 0.09609375
3 0.2140625 0.5265625 0.053125 0.08203125
3 0.2140625 0.44453125 0.0625 0.08203125
3 0.39921875 0.3921875 0.053125 0.08203125
3 0.3265625 0.37265625 0.0578125 0.09140625
3 0.271875 0.35234375 0.0671875 0.103125
3 0.19453125 0.3703125 0.053125 0.09609375