4 0.64453125 0.8859375 0.5578125 0.11328125
4 0.540625 0.80546875 0.71171875 0.1203125
4 0.61328125 0.73046875 0.6109375 0.09609375
4 0.59140625 0.62109375 0.71171875 0.1421875
4 0.36796875 0.52890625 0.3171875 0.1296875
4 0.63359375 0.51796875 0.5796875 0.11328125
4 0.62265625 0.4328125 0.6109375 0.1109375
4 0.71640625 0.353125 0.5578125 0.1390625
4 0.61328125 0.28828125 0.60078125 0.115625
4 0.61328125 0.1984375 0.59140625 0.084375
4 0.61796875 0.1109375 0.59140625 0.10546875
4 0.353125 0.11328125 0.08203125 0.0578125
4 0.35078125 0.19921875 0.0765625 0.0484375
4 0.3390625 0.290625 0.0765625 0.053125
4 0.47109375 0.34140625 0.0765625 0.0625
4 0.353125 0.43046875 0.071875 0.0578125
4 0.38125 0.5 0.06015625 0.053125
4 0.240625 0.5265625 0.053125 0.053125
4 0.3125 0.62734375 0.1296875 0.0625
4 0.34140625 0.7234375 0.071875 0.053125
4 0.21015625 0.8015625 0.06015625 0.05546875
4 0.40234375 0.88671875 0.06015625 0.0578125