2 0.8640625 0.4515625 0.165625 0.375
2 0.678125 0.6234375 0.196875 0.25703125
2 0.7328125 0.37265625 0.1203125 0.28828125
2 0.62734375 0.28828125 0.1203125 0.2984375
2 0.5359375 0.47109375 0.1828125 0.553125
2 0.46015625 0.25234375 0.146875 0.26953125
2 0.31015625 0.4109375 0.178125 0.41796875
2 0.40625 0.64453125 0.2015625 0.5484375
2 0.12734375 0.3484375 0.1390625 0.365625
2 0.1765625 0.50625 0.2046875 0.4640625
0 0.3078125 0.15859375 0.14921875 0.09609375
0 0.6296875 0.47109375 0.1296875 0.09609375
0 0.728125 0.553125 0.134375 0.09140625
0 0.865625 0.6734375 0.16328125 0.0765625
0 0.6609375 0.7859375 0.16328125 0.0765625
0 0.17578125 0.7765625 0.2015625 0.09609375
0 0.3078125 0.64921875 0.1734375 0.09140625
0 0.11640625 0.5671875 0.146875 0.09140625
4 0.53359375 0.77890625 0.09140625 0.0625
