2 0.38359375 0.8640625 0.18984375 0.1515625
2 0.34375 0.7453125 0.1734375 0.053125
2 0.1609375 0.6765625 0.3125 0.12734375
2 0.4546875 0.696875 0.1390625 0.053125
2 0.5046875 0.6578125 0.08671875 0.0890625
2 0.5671875 0.62734375 0.16796875 0.0578125
2 0.56484375 0.7640625 0.071875 0.115625
2 0.7546875 0.75234375 0.134375 0.0625
2 0.80546875 0.69375 0.134375 0.1078125
2 0.91953125 0.74609375 0.15625 0.084375
2 0.790625 0.5625 0.3171875 0.14921875
2 0.6265625 0.5015625 0.12265625 0.13203125
2 0.2140625 0.53359375 0.21171875 0.14453125
2 0.04921875 0.475 0.0890625 0.12734375
2 0.06640625 0.34765625 0.12265625 0.0890625
2 0.05625 0.29296875 0.103125 0.0578125
2 0.05625 0.18984375 0.103125 0.15390625
2 0.16015625 0.0421875 0.19453125 0.05078125
2 0.25625 0.0828125 0.11328125 0.05546875
2 0.25859375 0.1859375 0.24296875 0.09375
2 0.43515625 0.2046875 0.14921875 0.0671875
2 0.49375 0.24765625 0.11328125 0.0484375
2 0.32578125 0.28828125 0.24296875 0.0765625
2 0.2390625 0.34609375 0.1078125 0.0625
2 0.38828125 0.3140625 0.26171875 0.1078125
2 0.48828125 0.33984375 0.134375 0.0890625
2 0.3546875 0.41015625 0.2765625 0.12734375
2 0.203125 0.42421875 0.11796875 0.11328125
2 0.61640625 0.271875 0.040625 0.053125
2 0.55078125 0.2921875 0.071875 0.06953125
2 0.46875 0.0953125 0.21171875 0.11328125
2 0.63125 0.13671875 0.25703125 0.15859375
2 0.85 0.2796875 0.11796875 0.06953125
2 0.88125 0.3734375 0.18984375 0.0890625
2 0.70703125 0.4015625 0.1296875 0.08203125
2 0.946875 0.3390625 0.0671875 0.02890625
2 0.975 0.49296875 0.03125 0.0484375
2 0.90234375 0.52421875 0.040625 0.02421875
2 0.90390625 0.165625 0.1875 0.1296875
2 0.7953125 0.1453125 0.134375 0.12734375
2 0.69453125 0.0203125 0.09140625 0.0359375
2 0.90859375 0.03125 0.178125 0.0578125
2 0.978125 0.046875 0.03828125 0.05078125
