0 0.13203125 0.1921875 0.1734375 0.33203125
0 0.31015625 0.17890625 0.1828125 0.31484375
0 0.5 0.17421875 0.1921875 0.30546875
0 0.68046875 0.17578125 0.16796875 0.28828125
0 0.8609375 0.17578125 0.16328125 0.28828125
0 0.865625 0.47578125 0.16796875 0.2984375
0 0.68046875 0.4859375 0.178125 0.321875
0 0.50234375 0.4828125 0.178125 0.29296875
0 0.31484375 0.47578125 0.1828125 0.2984375
0 0.1296875 0.49296875 0.178125 0.28359375
0 0.875 0.7875 0.178125 0.31484375
0 0.68984375 0.80859375 0.1875 0.31484375
0 0.50234375 0.803125 0.178125 0.3265625
0 0.32421875 0.78125 0.1734375 0.303125
0 0.1390625 0.796875 0.1875 0.31015625
