4 0.28125 0.09375 0.08671875 0.08671875
4 0.34140625 0.09609375 0.053125 0.071875
4 0.009375 0.1 0.01875 0.090625
4 0.178125 0.28828125 0.02890625 0.03828125
4 0.37265625 0.12734375 0.0484375 0.0765625
4 0.41328125 0.1390625 0.0484375 0.09140625
4 0.39453125 0.071875 0.0484375 0.04296875
4 0.4421875 0.084375 0.0484375 0.071875
4 0.4546875 0.03359375 0.02421875 0.03359375
4 0.4640625 0.15390625 0.0625 0.053125
4 0.4953125 0.0984375 0.0578125 0.0671875
4 0.61640625 0.16484375 0.18515625 0.1421875
4 0.6703125 0.115625 0.10078125 0.16328125
4 0.61796875 0.040625 0.09609375 0.071875
4 0.5796875 0.0671875 0.0578125 0.0765625
4 0.5328125 0.0671875 0.05078125 0.04296875
4 0.69453125 0.02890625 0.04296875 0.04296875
4 0.7640625 0.06875 0.115625 0.12734375
4 0.85546875 0.09140625 0.10078125 0.08203125
4 0.8859375 0.02890625 0.084375 0.04296875
4 0.946875 0.06953125 0.0765625 0.08203125
4 0.98046875 0.12734375 0.03359375 0.0765625
4 0.91953125 0.18359375 0.0984375 0.13671875
4 0.96171875 0.21875 0.0671875 0.1109375
4 0.928125 0.27734375 0.0578125 0.06015625
4 0.884375 0.2875 0.04296875 0.06015625
4 0.759375 0.22109375 0.10546875 0.2359375
4 0.8234375 0.14921875 0.0359375 0.04296875
4 0.521875 0.5984375 0.10078125 0.21171875
4 0.5640625 0.7359375 0.06484375 0.09140625
4 0.63828125 0.73203125 0.084375 0.0984375
4 0.696875 0.74140625 0.0625 0.103125
4 0.71171875 0.7234375 0.03828125 0.0484375
4 0.75234375 0.71640625 0.0578125 0.03359375
4 0.76171875 0.6421875 0.0765625 0.115625
4 0.8125 0.71640625 0.02890625 0.053125
4 0.83984375 0.75234375 0.05078125 0.125
4 0.88671875 0.7203125 0.0625 0.06015625
4 0.7640625 0.8078125 0.1390625 0.14921875
4 0.6921875 0.821875 0.02421875 0.08203125
4 0.6421875 0.82109375 0.0765625 0.0984375