4 0.82578125 0.6703125 0.3390625 0.65390625
4 0.40859375 0.9703125 0.553125 0.05546875
4 0.4703125 0.8296875 0.74296875 0.28359375
4 0.709375 0.6109375 0.35546875 0.1828125
4 0.38359375 0.65625 0.7671875 0.2546875
4 0.28828125 0.84609375 0.571875 0.303125
4 0.24296875 0.6765625 0.125 0.07421875
4 0.1734375 0.89765625 0.125 0.0984375
4 0.5984375 0.65859375 0.125 0.09609375
4 0.52890625 0.42578125 0.9328125 0.196875
4 0.696875 0.2203125 0.59609375 0.19921875
4 0.9078125 0.16484375 0.17578125 0.32421875
4 0.759375 0.07421875 0.47109375 0.134375
4 0.021875 0.20703125 0.04296875 0.0484375
4 0.025 0.26328125 0.05 0.0796875
4 0.44921875 0.1828125 0.0765625 0.09609375
4 0.41328125 0.2796875 0.8265625 0.2046875
4 0.15234375 0.05546875 0.3046875 0.1078125
4 0.3859375 0.1140625 0.771875 0.2234375
4 0.4984375 0.49921875 0.996875 0.9953125