2 0.2140625 0.71875 0.303125 0.115625
2 0.2140625 0.59140625 0.29296875 0.115625
2 0.21640625 0.46640625 0.28828125 0.1109375
2 0.2140625 0.334375 0.29296875 0.1203125
2 0.240625 0.3859375 0.2640625 0.03125
2 0.21171875 0.1875 0.28828125 0.1203125
2 0.2453125 0.25234375 0.23046875 0.04296875
2 0.5359375 0.77734375 0.14453125 0.06953125
2 0.53828125 0.703125 0.15859375 0.06953125
2 0.54453125 0.61796875 0.1703125 0.0765625
2 0.54921875 0.53984375 0.1703125 0.0890625
2 0.55078125 0.4953125 0.14921875 0.0140625
2 0.53828125 0.44921875 0.1390625 0.08203125
2 0.553125 0.37109375 0.15390625 0.06953125
2 0.55078125 0.29453125 0.14921875 0.06953125
2 0.553125 0.2140625 0.15390625 0.08671875
2 0.540625 0.12734375 0.14453125 0.08671875
2 0.7859375 0.7671875 0.1203125 0.08203125
2 0.78515625 0.6984375 0.11328125 0.05546875
2 0.80546875 0.62734375 0.15390625 0.08203125
2 0.8328125 0.546875 0.18046875 0.0890625
2 0.8375 0.45078125 0.18046875 0.0890625
2 0.83671875 0.35546875 0.196875 0.09140625
2 0.84375 0.25703125 0.2015625 0.09609375
2 0.853125 0.16015625 0.21171875 0.1078125
0 0.3796875 0.59140625 0.0484375 0.0765625
0 0.38828125 0.7234375 0.040625 0.09140625
0 0.62890625 0.771875 0.040625 0.0765625
0 0.3859375 0.46875 0.0359375 0.08671875
0 0.3765625 0.3296875 0.03125 0.0765625
0 0.38828125 0.35078125 0.03125 0.071875
0 0.390625 0.23046875 0.0359375 0.071875
0 0.3796875 0.19453125 0.02421875 0.08671875
0 0.6421875 0.2140625 0.0140625 0.08671875
0 0.6359375 0.29296875 0.03125 0.0671875
0 0.6390625 0.3703125 0.01953125 0.0625
0 0.625 0.44375 0.01953125 0.06953125
0 0.6421875 0.5359375 0.0140625 0.0671875
0 0.64453125 0.615625 0.01953125 0.071875
0 0.63671875 0.696875 0.02421875 0.0671875
0 0.62734375 0.12734375 0.02421875 0.0765625
0 0.9703125 0.16328125 0.03125 0.09140625
0 0.95703125 0.259375 0.02421875 0.09140625
0 0.94921875 0.35703125 0.01953125 0.0890625
0 0.9390625 0.44921875 0.03125 0.071875
0 0.94609375 0.5484375 0.0359375 0.08203125
0 0.85546875 0.69921875 0.01953125 0.0625
0 0.86328125 0.765625 0.0140625 0.06953125
