3 0.78984375 0.0890625 0.4109375 0.16796875
3 0.8921875 0.23828125 0.20703125 0.196875
3 0.83671875 0.4171875 0.3171875 0.2671875
3 0.834375 0.740625 0.321875 0.2359375
3 0.93515625 0.93984375 0.125 0.115625
3 0.63359375 0.9390625 0.36328125 0.11796875
3 0.41328125 0.73828125 0.4328125 0.27890625
3 0.52734375 0.5140625 0.34375 0.23046875
3 0.5484375 0.36875 0.23046875 0.15625
3 0.36640625 0.3140625 0.38203125 0.24765625
3 0.3234375 0.125 0.415625 0.2453125
3 0.08046875 0.1390625 0.15625 0.240625
3 0.1296875 0.5359375 0.2546875 0.2453125
3 0.08671875 0.8546875 0.16796875 0.2859375