2 0.7640625 0.7453125 0.259375 0.5046875
2 0.45078125 0.55546875 0.49296875 0.8796875
2 0.92421875 0.77265625 0.146875 0.44921875
2 0.88828125 0.96015625 0.0890625 0.07421875
2 0.478125 0.78125 0.22578125 0.2984375
2 0.19140625 0.58984375 0.37734375 0.603125
2 0.1109375 0.79453125 0.21171875 0.36796875
2 0.09765625 0.91953125 0.18984375 0.15625
2 0.35546875 0.91484375 0.27421875 0.165625
2 0.07578125 0.1234375 0.1421875 0.2328125
2 0.046875 0.2046875 0.0890625 0.21171875
2 0.3578125 0.1859375 0.53359375 0.3578125
2 0.84375 0.196875 0.3125 0.3265625
2 0.884375 0.0453125 0.1828125 0.08203125
2 0.7078125 0.2125 0.2671875 0.26171875
2 0.8171875 0.43046875 0.3609375 0.28828125
2 0.5 0.5015625 0.9953125 0.99296875
