3 0.046875 0.87265625 0.0890625 0.25
3 0.11171875 0.8734375 0.13671875 0.24765625
3 0.1921875 0.8703125 0.08671875 0.1828125
3 0.1390625 0.96484375 0.071875 0.06484375
3 0.2046875 0.97578125 0.02890625 0.03828125
3 0.26171875 0.97578125 0.0671875 0.04296875
3 0.3296875 0.97578125 0.053125 0.04296875
3 0.38203125 0.9734375 0.04296875 0.0484375
3 0.43515625 0.98828125 0.0484375 0.01953125
3 0.49765625 0.98046875 0.0765625 0.03359375
3 0.58203125 0.97265625 0.09140625 0.05078125
3 0.64453125 0.9796875 0.03359375 0.0359375
3 0.290625 0.84765625 0.0765625 0.21875
3 0.3703125 0.8390625 0.09140625 0.2359375
3 0.46171875 0.85546875 0.08203125 0.2359375
3 0.546875 0.8578125 0.0984375 0.21171875
3 0.64296875 0.85546875 0.13671875 0.1875
3 0.7328125 0.8578125 0.1296875 0.2015625
3 0.4109375 0.0484375 0.14453125 0.09609375
3 0.546875 0.04453125 0.13203125 0.0890625
3 0.6671875 0.040625 0.14375 0.08125
3 0.77265625 0.040625 0.1609375 0.08125
3 0.0453125 0.0953125 0.08671875 0.18984375
3 0.103125 0.09140625 0.1109375 0.1828125
3 0.1734375 0.09609375 0.09140625 0.1921875
3 0.240625 0.09609375 0.08671875 0.1875
3 0.3078125 0.0890625 0.0765625 0.178125
3 0.3703125 0.0984375 0.071875 0.196875
3 0.43984375 0.1453125 0.08203125 0.11328125
3 0.52890625 0.13203125 0.09140625 0.08671875
3 0.83203125 0.53515625 0.23046875 0.915625
3 0.67578125 0.3921875 0.33203125 0.7015625
3 0.4734375 0.4828125 0.3125 0.5578125