4 0.8328125 0.5765625 0.084375 0.0578125
4 0.73828125 0.12734375 0.071875 0.03828125
4 0.53359375 0.0484375 0.071875 0.03828125
4 0.36328125 0.040625 0.0671875 0.04296875
4 0.17578125 0.196875 0.0671875 0.04296875
4 0.6546875 0.5984375 0.084375 0.0484375
4 0.48046875 0.5671875 0.08203125 0.0484375
4 0.31015625 0.6078125 0.0765625 0.0484375
4 0.140625 0.615625 0.084375 0.0484375
4 0.7359375 0.3078125 0.1921875 0.39921875
4 0.53359375 0.259375 0.115625 0.46640625
4 0.36328125 0.2546875 0.1109375 0.46171875
4 0.1828125 0.3375 0.15859375 0.31953125
4 0.84375 0.75703125 0.1390625 0.41328125
4 0.6609375 0.76328125 0.1296875 0.37734375
4 0.4859375 0.7546875 0.134375 0.41328125
4 0.30546875 0.77421875 0.1296875 0.375
4 0.14296875 0.77890625 0.1421875 0.365625