2 0.53359375 0.85546875 0.64921875 0.1828125
2 0.603125 0.64453125 0.5140625 0.14453125
2 0.6515625 0.46875 0.41796875 0.115625
2 0.6921875 0.3171875 0.33203125 0.09140625
2 0.72109375 0.18515625 0.2640625 0.08203125
2 0.74296875 0.07421875 0.23046875 0.0625
0 0.17578125 0.8546875 0.0578125 0.06484375
0 0.3171875 0.64296875 0.0671875 0.06953125
0 0.41328125 0.4640625 0.0671875 0.0625
0 0.5015625 0.3125 0.05078125 0.0484375
0 0.56015625 0.1828125 0.0671875 0.0484375
0 0.6 0.06640625 0.0453125 0.0453125
