2 0.4328125 0.7671875 0.27421875 0.375
2 0.3375 0.7484375 0.30078125 0.49296875
2 0.6609375 0.68515625 0.1921875 0.27421875
2 0.59140625 0.6609375 0.14921875 0.3703125
2 0.7859375 0.64296875 0.134375 0.2234375
2 0.725 0.615625 0.1078125 0.28828125
2 0.428125 0.2453125 0.2546875 0.39921875
2 0.3078125 0.2453125 0.2984375 0.490625
2 0.63203125 0.31953125 0.196875 0.28359375
2 0.58203125 0.2953125 0.15390625 0.3609375
2 0.7765625 0.328125 0.125 0.2234375
2 0.72578125 0.31953125 0.0765625 0.28359375
