4 0.52421875 0.9234375 0.6296875 0.125
4 0.24765625 0.921875 0.0765625 0.05078125
4 0.60078125 0.92578125 0.40390625 0.125
4 0.4734375 0.7640625 0.6734375 0.1203125
4 0.38359375 0.7640625 0.1609375 0.1203125
4 0.47109375 0.6078125 0.75 0.115625
4 0.51171875 0.6078125 0.2984375 0.1109375
4 0.134375 0.6203125 0.0765625 0.053125
4 0.61328125 0.446875 0.27421875 0.1203125
4 0.50390625 0.44921875 0.61328125 0.1203125
4 0.17578125 0.28125 0.0765625 0.053125
4 0.446875 0.27421875 0.6296875 0.1203125
4 0.3015625 0.12109375 0.06484375 0.06015625
4 0.5421875 0.12109375 0.5359375 0.11328125
4 0.53125 0.12109375 0.1296875 0.103125
4 0.509375 0.271875 0.5046875 0.1109375