2 0.17578125 0.3484375 0.08671875 0.14921875
2 0.2359375 0.13671875 0.0484375 0.0578125
2 0.178125 0.0421875 0.0484375 0.084375
2 0.134375 0.015625 0.0484375 0.03125
2 0.353125 0.0421875 0.04296875 0.084375
2 0.4515625 0.13671875 0.115625 0.0484375
2 0.49765625 0.0953125 0.03359375 0.0359375
2 0.36171875 0.24765625 0.0265625 0.01953125
2 0.43515625 0.3890625 0.03359375 0.0484375
2 0.46484375 0.44140625 0.0890625 0.0359375
2 0.46875 0.61328125 0.29296875 0.26953125
2 0.04921875 0.5765625 0.0890625 0.134375
2 0.78125 0.8453125 0.0625 0.040625
2 0.6578125 0.5875 0.03125 0.03125
2 0.7296875 0.4515625 0.24296875 0.22109375
2 0.56484375 0.43515625 0.03828125 0.0484375
2 0.63671875 0.353125 0.16796875 0.1296875
2 0.7171875 0.19453125 0.0265625 0.09609375
2 0.5765625 0.14921875 0.053125 0.134375
2 0.55078125 0.2140625 0.01953125 0.0140625
2 0.6109375 0.0875 0.06875 0.175
2 0.9671875 0.2296875 0.05078125 0.0359375
2 0.921875 0.5875 0.1515625 0.271875
2 0.9578125 0.91484375 0.0796875 0.13203125
