2 0.2453125 0.665625 0.3171875 0.16796875
2 0.2609375 0.4640625 0.26171875 0.14921875
2 0.259375 0.26953125 0.259375 0.15390625
2 0.259375 0.0796875 0.2640625 0.14921875
2 0.49765625 0.2328125 0.240625 0.1390625
2 0.490625 0.4203125 0.2546875 0.14453125
2 0.49296875 0.6203125 0.259375 0.15859375
2 0.49375 0.803125 0.26171875 0.14921875
2 0.72109375 0.91328125 0.2546875 0.14453125
2 0.72109375 0.72109375 0.2546875 0.14453125
2 0.71640625 0.54296875 0.2546875 0.14921875
2 0.7234375 0.35546875 0.259375 0.1390625
4 0.08984375 0.53125 0.1609375 0.58671875
4 0.3171875 0.87734375 0.134375 0.1875
4 0.4703125 0.4578125 0.165625 0.1078125
4 0.47265625 0.2703125 0.1609375 0.11796875
4 0.47109375 0.08046875 0.14921875 0.1078125
4 0.69453125 0.23203125 0.15390625 0.0984375
4 0.69921875 0.41953125 0.15859375 0.1078125
4 0.69921875 0.61875 0.15859375 0.103125
4 0.7015625 0.79921875 0.15390625 0.1078125
4 0.921875 0.915625 0.1515625 0.10078125
4 0.9234375 0.725 0.1390625 0.1078125
4 0.92421875 0.53984375 0.13671875 0.103125
4 0.921875 0.35546875 0.1515625 0.10078125
