2 0.509375 0.18359375 0.25 0.17578125
2 0.49765625 0.35703125 0.2984375 0.13671875
2 0.446875 0.490625 0.3609375 0.1109375
2 0.51328125 0.6203125 0.24296875 0.115625
2 0.5203125 0.7328125 0.18046875 0.09609375
2 0.553125 0.85 0.14921875 0.12734375
0 0.3703125 0.18515625 0.0671875 0.16796875
0 0.3171875 0.35703125 0.0484375 0.13671875
0 0.2546875 0.4890625 0.0484375 0.1078125
0 0.3609375 0.6203125 0.03828125 0.10078125
0 0.4109375 0.7359375 0.03828125 0.09609375
0 0.45703125 0.85078125 0.0578125 0.1203125
