0 0.4421875 0.1515625 0.1203125 0.1875
0 0.3609375 0.15390625 0.08203125 0.1921875
0 0.303125 0.15390625 0.071875 0.1828125
0 0.25234375 0.15390625 0.0765625 0.1828125
0 0.19921875 0.15859375 0.071875 0.1828125
0 0.14765625 0.41328125 0.1421875 0.196875
0 0.1609375 0.275 0.125 0.1515625
0 0.41328125 0.35078125 0.115625 0.178125
0 0.334375 0.35078125 0.071875 0.16796875
0 0.28359375 0.34609375 0.0671875 0.178125
0 0.2359375 0.35078125 0.071875 0.16796875
0 0.4375 0.59140625 0.1203125 0.1875
0 0.3578125 0.59375 0.0765625 0.1828125
0 0.303125 0.59609375 0.08203125 0.178125
0 0.25234375 0.60078125 0.0671875 0.1875
0 0.19921875 0.60078125 0.0671875 0.178125
0 0.14453125 0.8578125 0.1296875 0.1875
0 0.15859375 0.7125 0.1203125 0.13671875
0 0.4109375 0.790625 0.1203125 0.16796875
0 0.33671875 0.79296875 0.0671875 0.1734375
0 0.28359375 0.78828125 0.0671875 0.16328125
0 0.22578125 0.78828125 0.0671875 0.16328125
0 0.6078125 0.6078125 0.1390625 0.1921875
0 0.6203125 0.4640625 0.1296875 0.15859375
0 0.90390625 0.3390625 0.1203125 0.1875
0 0.81953125 0.34375 0.0765625 0.1875
0 0.7640625 0.34375 0.071875 0.178125
0 0.71171875 0.34375 0.0625 0.178125
0 0.65625 0.34375 0.0671875 0.178125
0 0.875 0.540625 0.1109375 0.1828125
0 0.79296875 0.53828125 0.0671875 0.16796875
0 0.74296875 0.53359375 0.0625 0.16796875
0 0.69921875 0.53828125 0.0578125 0.16796875
