2 0.4984375 0.50078125 0.996875 0.9921875
2 0.8640625 0.2015625 0.2671875 0.39453125
2 0.56015625 0.2125 0.34140625 0.4109375
2 0.63828125 0.51328125 0.30078125 0.4640625
2 0.2765625 0.33671875 0.22109375 0.375
2 0.446875 0.4625 0.3265625 0.56484375
2 0.3890625 0.0328125 0.53359375 0.05546875
2 0.28359375 0.20546875 0.20703125 0.30546875
2 0.25234375 0.41953125 0.2984375 0.28125
2 0.2390625 0.75390625 0.34375 0.43515625
2 0.5875 0.74375 0.36328125 0.2859375
2 0.5828125 0.84375 0.2765625 0.3078125
2 0.80546875 0.8296875 0.3125 0.33671875
2 0.92578125 0.7328125 0.14453125 0.39453125
2 0.87109375 0.6296875 0.25703125 0.7359375
2 0.09765625 0.5015625 0.18984375 0.99296875
