2 0.771875 0.1078125 0.4234375 0.178125
2 0.76953125 0.3078125 0.41796875 0.16796875
2 0.771875 0.51171875 0.4234375 0.1734375
2 0.2640625 0.1078125 0.428125 0.16796875
2 0.2671875 0.31015625 0.4234375 0.1828125
2 0.2671875 0.51171875 0.4234375 0.1734375
2 0.2640625 0.71015625 0.428125 0.18046875
2 0.771875 0.71171875 0.4234375 0.178125
2 0.771875 0.90234375 0.4234375 0.18046875
2 0.2671875 0.9046875 0.4234375 0.17578125
4 0.5328125 0.1109375 0.05546875 0.0765625
4 0.025 0.10703125 0.05 0.0890625
4 0.0296875 0.309375 0.059375 0.0875
4 0.52734375 0.31015625 0.05546875 0.08671875
4 0.53359375 0.51171875 0.0625 0.08671875
4 0.5296875 0.70703125 0.05078125 0.08203125
4 0.53984375 0.9015625 0.06015625 0.08203125
4 0.0328125 0.90390625 0.05546875 0.08671875
4 0.0296875 0.709375 0.05078125 0.08671875
