2 0.61796875 0.06015625 0.51953125 0.0671875
2 0.15625 0.0734375 0.23046875 0.0890625
2 0.24765625 0.1859375 0.40859375 0.1078125
2 0.68515625 0.19453125 0.384375 0.08671875
2 0.678125 0.3265625 0.3890625 0.0625
2 0.66953125 0.45546875 0.42578125 0.0890625
2 0.6671875 0.58515625 0.4203125 0.06953125
2 0.68046875 0.72578125 0.39453125 0.15390625
2 0.6921875 0.9109375 0.3796875 0.1390625
2 0.23828125 0.64921875 0.39453125 0.196875
2 0.2234375 0.4953125 0.384375 0.071875
2 0.24375 0.35234375 0.415625 0.11328125
2 0.22109375 0.82421875 0.3609375 0.08203125
2 0.2484375 0.9375 0.415625 0.0671875
