4 0.0546875 0.37890625 0.107421875 0.25
4 0.1416015625 0.326171875 0.138671875 0.349609375
4 0.2451171875 0.291015625 0.150390625 0.384765625
4 0.369140625 0.380859375 0.103515625 0.1826171875
4 0.4423828125 0.1728515625 0.15625 0.1298828125
4 0.642578125 0.255859375 0.2001953125 0.4794921875
4 0.85546875 0.244140625 0.1982421875 0.4453125
4 0.87890625 0.7578125 0.1591796875 0.3173828125
4 0.4404296875 0.81640625 0.1591796875 0.3310546875
4 0.2978515625 0.8330078125 0.169921875 0.333984375
4 0.162109375 0.8427734375 0.166015625 0.314453125