4 0.064453125 0.3623046875 0.099609375 0.2470703125
4 0.150390625 0.310546875 0.1279296875 0.345703125
4 0.255859375 0.279296875 0.1376953125 0.3798828125
4 0.37890625 0.3701171875 0.0986328125 0.1796875
4 0.455078125 0.1640625 0.1533203125 0.123046875
4 0.6552734375 0.24609375 0.1826171875 0.478515625
4 0.8681640625 0.2353515625 0.1826171875 0.451171875
4 0.87890625 0.755859375 0.150390625 0.310546875
4 0.439453125 0.8056640625 0.1484375 0.326171875
4 0.296875 0.8212890625 0.1591796875 0.328125
4 0.1591796875 0.8369140625 0.154296875 0.326171875