1 0.498046875 0.7138671875 0.9951171875 0.564453125
1 0.7197265625 0.326171875 0.279296875 0.51953125
1 0.5869140625 0.296875 0.2548828125 0.59375
1 0.4931640625 0.392578125 0.0869140625 0.4638671875
1 0.4384765625 0.3505859375 0.1318359375 0.529296875
1 0.4111328125 0.3974609375 0.123046875 0.4013671875
1 0.3447265625 0.353515625 0.1728515625 0.48046875
1 0.31640625 0.3017578125 0.25 0.603515625
1 0.2548828125 0.3427734375 0.208984375 0.501953125
1 0.181640625 0.3583984375 0.2548828125 0.490234375
1 0.107421875 0.3125 0.2138671875 0.5888671875
1 0.0732421875 0.4013671875 0.146484375 0.375