1 0.6201171875 0.49609375 0.744140625 0.9921875
1 0.625 0.921875 0.7353515625 0.1416015625
1 0.6318359375 0.796875 0.71875 0.28125
1 0.6943359375 0.65234375 0.59375 0.1806640625
1 0.7431640625 0.58984375 0.5 0.1318359375
1 0.79296875 0.48046875 0.3994140625 0.1005859375
1 0.43359375 0.4306640625 0.3193359375 0.15625
1 0.71484375 0.31640625 0.5556640625 0.1005859375
1 0.6396484375 0.10546875 0.705078125 0.2109375
1 0.625 0.19921875 0.7353515625 0.3056640625
1 0.18359375 0.5625 0.1943359375 0.5791015625
1 0.1875 0.6005859375 0.1875 0.15625
1 0.19140625 0.76953125 0.1806640625 0.1630859375
1 0.1875 0.328125 0.1728515625 0.09375
1 0.0869140625 0.4755859375 0.0625 0.15625