1 0.69921875 0.8125 0.3818359375 0.2041015625
1 0.70703125 0.71484375 0.3505859375 0.1005859375
1 0.68359375 0.6005859375 0.4130859375 0.15625
1 0.67578125 0.46875 0.4443359375 0.125
1 0.8056640625 0.37109375 0.1728515625 0.0693359375
1 0.8125 0.3056640625 0.1728515625 0.0771484375
1 0.80859375 0.2255859375 0.1806640625 0.09375
1 0.58203125 0.17578125 0.2880859375 0.1630859375
1 0.5869140625 0.30078125 0.28125 0.1943359375
1 0.21484375 0.1552734375 0.4296875 0.173828125
1 0.234375 0.26171875 0.4228515625 0.2744140625
1 0.25390625 0.421875 0.3056640625 0.1875
1 0.4306640625 0.44921875 0.0625 0.1181640625
1 0.1875 0.4443359375 0.3125 0.1728515625
1 0.3056640625 0.70703125 0.5 0.3994140625