1 0.767578125 0.1767578125 0.251953125 0.283203125
1 0.8349609375 0.45703125 0.1806640625 0.1875
1 0.7919921875 0.8134765625 0.189453125 0.283203125
1 0.482421875 0.2568359375 0.166015625 0.2431640625
1 0.56640625 0.310546875 0.1611328125 0.228515625
1 0.603515625 0.4541015625 0.0869140625 0.1728515625
1 0.484375 0.4951171875 0.16796875 0.2333984375
1 0.3974609375 0.431640625 0.1611328125 0.21875
1 0.140625 0.7880859375 0.2119140625 0.2744140625
1 0.126953125 0.447265625 0.1611328125 0.228515625
1 0.2041015625 0.169921875 0.345703125 0.279296875