1 0.8994140625 0.80078125 0.1875 0.3818359375
1 0.890625 0.6318359375 0.125 0.21875
1 0.91796875 0.53125 0.1494140625 0.15625
1 0.89453125 0.3818359375 0.1181640625 0.09375
1 0.96875 0.26953125 0.0478515625 0.1494140625
1 0.96875 0.40234375 0.0478515625 0.1005859375
1 0.828125 0.421875 0.09375 0.125
1 0.05859375 0.2109375 0.1171875 0.28125
1 0.15625 0.24609375 0.1103515625 0.2119140625
1 0.2431640625 0.26953125 0.0791015625 0.1806640625
1 0.31640625 0.296875 0.0693359375 0.1875
1 0.38671875 0.3125 0.0693359375 0.1416015625
1 0.4375 0.32421875 0.0625 0.1318359375
1 0.4931640625 0.33984375 0.0478515625 0.1005859375
1 0.53125 0.35546875 0.03125 0.1005859375
1 0.5625 0.35546875 0.03125 0.1005859375
1 0.59375 0.37890625 0.03125 0.0693359375
1 0.62890625 0.39453125 0.0244140625 0.0693359375
1 0.671875 0.484375 0.0791015625 0.125
1 0.73046875 0.47265625 0.0556640625 0.1005859375
1 0.08203125 0.47265625 0.1630859375 0.2431640625
1 0.2119140625 0.41796875 0.09375 0.1181640625
1 0.2880859375 0.421875 0.0791015625 0.1103515625
1 0.359375 0.42578125 0.09375 0.0869140625
1 0.44140625 0.42578125 0.0869140625 0.0693359375
1 0.5068359375 0.42578125 0.0478515625 0.0556640625
1 0.546875 0.4306640625 0.03125 0.0478515625
1 0.578125 0.43359375 0.0478515625 0.0380859375
1 0.60546875 0.4375 0.0244140625 0.0166015625
1 0.1318359375 0.5693359375 0.2353515625 0.1875
1 0.2880859375 0.546875 0.0791015625 0.1416015625
1 0.3681640625 0.53125 0.0625 0.125
1 0.453125 0.51171875 0.09375 0.1005859375
1 0.54296875 0.50390625 0.0869140625 0.0869140625
1 0.60546875 0.50390625 0.0556640625 0.0869140625
1 0.1337890625 0.7431640625 0.2666015625 0.20703125
1 0.3056640625 0.6806640625 0.09375 0.1416015625
1 0.37890625 0.6494140625 0.0693359375 0.125
1 0.46484375 0.61328125 0.0869140625 0.1005859375
1 0.546875 0.5869140625 0.0791015625 0.0791015625
1 0.60546875 0.55859375 0.0380859375 0.0380859375