1 0.87109375 0.13671875 0.1806640625 0.0693359375
1 0.86328125 0.1943359375 0.1806640625 0.0478515625
1 0.8681640625 0.25390625 0.1728515625 0.0693359375
1 0.703125 0.16796875 0.125 0.0556640625
1 0.7119140625 0.21484375 0.1416015625 0.0556640625
1 0.71484375 0.28125 0.1318359375 0.0791015625
1 0.5693359375 0.19140625 0.125 0.0556640625
1 0.578125 0.2568359375 0.125 0.0625
1 0.5869140625 0.3125 0.125 0.0478515625
1 0.453125 0.265625 0.125 0.15625
1 0.921875 0.31640625 0.1416015625 0.0869140625
1 0.91796875 0.375 0.1494140625 0.0625
1 0.921875 0.421875 0.1416015625 0.0478515625
1 0.921875 0.4619140625 0.1416015625 0.03125
1 0.92578125 0.50390625 0.1318359375 0.0556640625
1 0.921875 0.5693359375 0.1416015625 0.0625
1 0.92578125 0.63671875 0.1318359375 0.0869140625
1 0.8994140625 0.69921875 0.1875 0.0556640625
1 0.90234375 0.76171875 0.1806640625 0.0556640625
1 0.890625 0.81640625 0.2041015625 0.0556640625
1 0.89453125 0.875 0.1943359375 0.0625
1 0.89453125 0.93359375 0.1943359375 0.0244140625
1 0.71484375 0.69921875 0.1630859375 0.0693359375
1 0.71484375 0.78125 0.1806640625 0.1103515625
1 0.71484375 0.88671875 0.1494140625 0.1005859375
1 0.78515625 0.6318359375 0.1494140625 0.0791015625
1 0.78515625 0.57421875 0.1494140625 0.0693359375
1 0.7880859375 0.51953125 0.1416015625 0.0380859375
1 0.78125 0.484375 0.15625 0.03125
1 0.77734375 0.46484375 0.1494140625 0.0380859375
1 0.78125 0.4375 0.125 0.0478515625
1 0.78125 0.38671875 0.1416015625 0.0693359375
1 0.7880859375 0.33203125 0.1416015625 0.0693359375
1 0.56640625 0.69921875 0.1494140625 0.0556640625
1 0.55859375 0.75 0.1494140625 0.0625
1 0.55078125 0.7880859375 0.1494140625 0.0478515625
1 0.54296875 0.84375 0.1494140625 0.0791015625
1 0.546875 0.890625 0.1728515625 0.0625
1 0.6318359375 0.56640625 0.1416015625 0.1630859375
1 0.63671875 0.46875 0.1181640625 0.0625
1 0.6494140625 0.40625 0.125 0.0478515625
1 0.64453125 0.359375 0.1318359375 0.0625
1 0.5244140625 0.36328125 0.125 0.0556640625
1 0.5244140625 0.4130859375 0.125 0.0478515625
1 0.51953125 0.47265625 0.1181640625 0.0556640625
1 0.45703125 0.52734375 0.2119140625 0.0869140625
1 0.46875 0.5869140625 0.2353515625 0.0478515625
1 0.4619140625 0.65625 0.21875 0.0791015625
1 0.421875 0.71875 0.125 0.0791015625
1 0.4306640625 0.78515625 0.15625 0.0380859375
1 0.41015625 0.84765625 0.1318359375 0.0869140625
1 0.2255859375 0.2568359375 0.40625 0.2041015625
1 0.2568359375 0.40625 0.3916015625 0.15625
1 0.20703125 0.59375 0.2880859375 0.1875
1 0.19921875 0.78125 0.2880859375 0.1875
1 0.03515625 0.44140625 0.0693359375 0.1806640625
1 0.02734375 0.6123046875 0.0546875 0.162109375
1 0.02734375 0.7685546875 0.0546875 0.181640625