1 0.865234375 0.8037109375 0.1181640625 0.3798828125
1 0.779296875 0.86328125 0.1630859375 0.26171875
1 0.8447265625 0.85546875 0.23046875 0.2744140625
1 0.9482421875 0.71484375 0.0478515625 0.1513671875
1 0.859375 0.6083984375 0.16796875 0.341796875
1 0.6806640625 0.66015625 0.2880859375 0.66796875
1 0.5888671875 0.470703125 0.0888671875 0.3271484375
1 0.677734375 0.26171875 0.09765625 0.5234375
1 0.6787109375 0.21484375 0.1513671875 0.2353515625
1 0.7451171875 0.30078125 0.0556640625 0.197265625
1 0.5986328125 0.578125 0.3193359375 0.5556640625
1 0.384765625 0.794921875 0.3271484375 0.3193359375
1 0.216796875 0.7548828125 0.35546875 0.478515625
1 0.2919921875 0.8037109375 0.529296875 0.3798828125
1 0.1513671875 0.8994140625 0.1513671875 0.189453125
1 0.490234375 0.294921875 0.1708984375 0.5888671875
1 0.52734375 0.408203125 0.0556640625 0.3994140625
1 0.431640625 0.2646484375 0.13671875 0.529296875
1 0.3212890625 0.28125 0.091796875 0.208984375
1 0.337890625 0.091796875 0.052734375 0.1826171875
1 0.28125 0.294921875 0.134765625 0.3916015625
1 0.1669921875 0.728515625 0.333984375 0.529296875
1 0.0986328125 0.50390625 0.197265625 0.4443359375
1 0.220703125 0.359375 0.0791015625 0.208984375
1 0.099609375 0.1474609375 0.19921875 0.294921875
1 0.17578125 0.1865234375 0.07421875 0.2041015625
1 0.2197265625 0.0458984375 0.041015625 0.091796875
1 0.228515625 0.23828125 0.0888671875 0.1103515625