1 0.32421875 0.765625 0.5556640625 0.4541015625
1 0.67578125 0.64453125 0.2744140625 0.3369140625
1 0.84375 0.55078125 0.1728515625 0.2119140625
1 0.953125 0.59765625 0.0791015625 0.3193359375
1 0.953125 0.33203125 0.0791015625 0.2255859375
1 0.9404296875 0.10546875 0.099609375 0.2109375
1 0.662109375 0.08984375 0.25 0.1796875
1 0.84375 0.09375 0.1103515625 0.1875
1 0.8681640625 0.3193359375 0.1728515625 0.2353515625
1 0.68359375 0.328125 0.1943359375 0.28125
1 0.50390625 0.359375 0.1630859375 0.3291015625
1 0.23046875 0.390625 0.3818359375 0.4228515625
1 0.04296875 0.390625 0.0859375 0.375
1 0.03125 0.6494140625 0.0625 0.2041015625
1 0.2685546875 0.07421875 0.537109375 0.1484375