1 0.7568359375 0.876953125 0.478515625 0.2333984375
1 0.8955078125 0.923828125 0.1611328125 0.1396484375
1 0.5927734375 0.8955078125 0.10546875 0.197265625
1 0.7021484375 0.9443359375 0.26953125 0.0986328125
1 0.271484375 0.845703125 0.310546875 0.2978515625
1 0.099609375 0.845703125 0.19921875 0.2978515625
1 0.09375 0.66015625 0.1875 0.1923828125
1 0.076171875 0.5634765625 0.1513671875 0.189453125
1 0.0634765625 0.412109375 0.126953125 0.279296875
1 0.5576171875 0.66796875 0.158203125 0.51171875
1 0.947265625 0.4326171875 0.0986328125 0.51953125
1 0.7548828125 0.673828125 0.095703125 0.1396484375
1 0.91015625 0.3193359375 0.1728515625 0.59375
1 0.787109375 0.33984375 0.10546875 0.4951171875
1 0.8037109375 0.4072265625 0.0791015625 0.3603515625
1 0.8212890625 0.4677734375 0.0576171875 0.25
1 0.869140625 0.083984375 0.0986328125 0.16796875
1 0.2646484375 0.2705078125 0.48828125 0.216796875
1 0.3017578125 0.4365234375 0.365234375 0.208984375
1 0.3134765625 0.5615234375 0.333984375 0.1806640625
1 0.333984375 0.767578125 0.29296875 0.302734375
1 0.5087890625 0.0380859375 0.166015625 0.076171875
1 0.51171875 0.1103515625 0.158203125 0.10546875
1 0.64453125 0.0791015625 0.115234375 0.158203125
1 0.625 0.2275390625 0.1103515625 0.1181640625
1 0.6103515625 0.36328125 0.0888671875 0.146484375
1 0.52734375 0.326171875 0.0869140625 0.3486328125
1 0.7197265625 0.3134765625 0.1513671875 0.626953125
1 0.1455078125 0.0986328125 0.26953125 0.197265625
1 0.3603515625 0.16796875 0.1396484375 0.091796875
1 0.369140625 0.0673828125 0.1826171875 0.134765625