1 0.35546875 0.5556640625 0.1318359375 0.2978515625
1 0.2373046875 0.49609375 0.474609375 0.9921875
1 0.5341796875 0.49609375 0.119140625 0.9921875
1 0.6484375 0.49609375 0.125 0.9921875
1 0.82421875 0.55859375 0.2431640625 0.8681640625
1 0.94921875 0.6005859375 0.0869140625 0.40625
1 0.94921875 0.90234375 0.0869140625 0.1806640625
1 0.9443359375 0.27734375 0.09375 0.2431640625
1 0.943359375 0.08984375 0.09375 0.1796875
1 0.7685546875 0.16796875 0.255859375 0.3359375
1 0.1904296875 0.19921875 0.380859375 0.3984375
1 0.1337890625 0.828125 0.2666015625 0.3291015625
1 0.5244140625 0.671875 0.9375 0.6416015625
1 0.41015625 0.85546875 0.2744140625 0.2744140625
1 0.49609375 0.49609375 0.9921875 0.9921875