1 0.8056640625 0.5087890625 0.0869140625 0.5478515625
1 0.7333984375 0.53125 0.0673828125 0.5771484375
1 0.6708984375 0.216796875 0.158203125 0.42578125
1 0.666015625 0.630859375 0.0673828125 0.4111328125
1 0.5986328125 0.5244140625 0.0673828125 0.572265625
1 0.5 0.2392578125 0.166015625 0.4423828125
1 0.544921875 0.583984375 0.11328125 0.5673828125
1 0.4619140625 0.6611328125 0.08203125 0.427734375
1 0.3388671875 0.462890625 0.17578125 0.810546875
1 0.357421875 0.7236328125 0.09375 0.4375
1 0.26953125 0.6474609375 0.0986328125 0.5986328125
1 0.2021484375 0.6728515625 0.08203125 0.6103515625