1 0.375 0.77734375 0.2353515625 0.3193359375
1 0.3994140625 0.859375 0.15625 0.15625
1 0.5556640625 0.75 0.1728515625 0.375
1 0.30078125 0.7255859375 0.3681640625 0.4375
1 0.09375 0.640625 0.1875 0.59375
1 0.6806640625 0.62890625 0.625 0.6318359375
1 0.86328125 0.26953125 0.2568359375 0.3056640625
1 0.890625 0.078125 0.2041015625 0.15625
1 0.5 0.17578125 0.46875 0.2744140625
1 0.6318359375 0.1025390625 0.33203125 0.2041015625
1 0.3681640625 0.0244140625 0.2021484375 0.0478515625
1 0.25390625 0.23828125 0.4443359375 0.2119140625
1 0.3056640625 0.38671875 0.2958984375 0.3193359375
1 0.078125 0.2880859375 0.15625 0.2353515625
1 0.12890625 0.12890625 0.2568359375 0.1005859375
1 0.1484375 0.04296875 0.296875 0.0859375
1 0.87109375 0.734375 0.2431640625 0.3916015625
1 0.49609375 0.46875 0.9921875 0.9375