1 0.6318359375 0.7119140625 0.2353515625 0.3125
1 0.703125 0.5869140625 0.3125 0.25
1 0.66796875 0.90625 0.2431640625 0.1416015625
1 0.828125 0.796875 0.15625 0.3125
1 0.8994140625 0.6494140625 0.09375 0.4541015625
1 0.25390625 0.67578125 0.1005859375 0.4931640625
1 0.33203125 0.72265625 0.1005859375 0.5068359375
1 0.41796875 0.85546875 0.1494140625 0.2744140625
1 0.42578125 0.6181640625 0.0869140625 0.21875
1 0.4755859375 0.578125 0.15625 0.2666015625
1 0.1943359375 0.57421875 0.1708984375 0.2880859375
1 0.234375 0.828125 0.1728515625 0.2041015625
1 0.12109375 0.9130859375 0.0693359375 0.15625
1 0.05859375 0.849609375 0.1171875 0.28125
1 0.05859375 0.71484375 0.1005859375 0.1494140625
1 0.04296875 0.5927734375 0.0859375 0.330078125
1 0.03515625 0.30859375 0.0693359375 0.2431640625
1 0.09375 0.3505859375 0.1416015625 0.15625
1 0.5 0.34375 0.6875 0.25
1 0.89453125 0.328125 0.1943359375 0.40625
1 0.33984375 0.11328125 0.1181640625 0.2255859375
1 0.4609375 0.10546875 0.140625 0.2109375
1 0.568359375 0.10546875 0.125 0.2109375
1 0.67578125 0.109375 0.1005859375 0.21875
1 0.78125 0.109375 0.125 0.21875
1 0.9130859375 0.09375 0.15625 0.1875
1 0.2275390625 0.1337890625 0.126953125 0.2666015625
1 0.16015625 0.140625 0.1494140625 0.28125
1 0.0634765625 0.1337890625 0.126953125 0.2666015625
1 0.49609375 0.49609375 0.9921875 0.9921875