1 0.84765625 0.828125 0.2880859375 0.15625
1 0.67578125 0.72265625 0.6318359375 0.2744140625
1 0.49609375 0.84375 0.4619140625 0.125
1 0.1337890625 0.810546875 0.2666015625 0.197265625
1 0.26953125 0.74609375 0.3056640625 0.1943359375
1 0.25390625 0.68359375 0.2744140625 0.1806640625
1 0.3681640625 0.5068359375 0.7353515625 0.4228515625
1 0.7255859375 0.609375 0.53125 0.15625
1 0.8369140625 0.4931640625 0.3125 0.1728515625
1 0.69140625 0.4755859375 0.1181640625 0.09375
1 0.7744140625 0.30078125 0.4375 0.3994140625
1 0.787109375 0.08984375 0.40625 0.1796875
1 0.37890625 0.36328125 0.2255859375 0.2255859375
1 0.1337890625 0.435546875 0.2666015625 0.259765625
1 0.4306640625 0.3818359375 0.5166015625 0.28125
1 0.296875 0.234375 0.5 0.2353515625
1 0.02734375 0.3154296875 0.0546875 0.099609375
1 0.1572265625 0.1337890625 0.314453125 0.2666015625
1 0.4482421875 0.05859375 0.275390625 0.1171875
1 0.32421875 0.140625 0.5068359375 0.28125
1 0.49609375 0.453125 0.9921875 0.90625