1 0.798828125 0.3505859375 0.08203125 0.3505859375
1 0.7919921875 0.677734375 0.0556640625 0.28125
1 0.7451171875 0.548828125 0.1103515625 0.38671875
1 0.6650390625 0.27734375 0.072265625 0.251953125
1 0.60546875 0.4384765625 0.08203125 0.3271484375
1 0.65234375 0.7451171875 0.0693359375 0.2861328125
1 0.5869140625 0.7451171875 0.064453125 0.2861328125
1 0.5205078125 0.7490234375 0.07421875 0.28125
1 0.5458984375 0.376953125 0.091796875 0.4736328125
1 0.4267578125 0.4677734375 0.0869140625 0.46875
1 0.439453125 0.6630859375 0.064453125 0.310546875
1 0.3603515625 0.228515625 0.08203125 0.26953125
1 0.3037109375 0.4912109375 0.10546875 0.3271484375
1 0.34375 0.7392578125 0.0888671875 0.2646484375
1 0.1396484375 0.68359375 0.08203125 0.2568359375
1 0.18359375 0.4912109375 0.1083984375 0.4208984375
1 0.23828125 0.7919921875 0.08203125 0.1943359375
1 0.224609375 0.32421875 0.095703125 0.322265625
4 0.771484375 0.330078125 0.033203125 0.029296875
4 0.794921875 0.529296875 0.03125 0.041015625
4 0.7978515625 0.1669921875 0.029296875 0.029296875
4 0.669921875 0.146484375 0.029296875 0.021484375
4 0.5537109375 0.1259765625 0.029296875 0.029296875
4 0.419921875 0.216796875 0.0380859375 0.0478515625
4 0.384765625 0.095703125 0.0263671875 0.029296875
4 0.4375 0.494140625 0.0380859375 0.029296875
4 0.1767578125 0.2978515625 0.033203125 0.0244140625
4 0.236328125 0.1572265625 0.0380859375 0.0361328125