1 0.5556640625 0.43359375 0.2978515625 0.2255859375
1 0.69921875 0.63671875 0.3994140625 0.1943359375
1 0.78515625 0.4130859375 0.2119140625 0.3291015625
1 0.125 0.19921875 0.25 0.3984375
1 0.0869140625 0.5068359375 0.1728515625 0.21875
1 0.21484375 0.765625 0.3193359375 0.3291015625
1 0.359375 0.91796875 0.34375 0.1494140625
1 0.8056640625 0.8994140625 0.375 0.1875
1 0.71875 0.85546875 0.3125 0.2255859375
1 0.5 0.7880859375 0.1728515625 0.2041015625
1 0.90625 0.46875 0.0791015625 0.21875
1 0.88671875 0.85546875 0.2119140625 0.2744140625
1 0.33984375 0.1181640625 0.2119140625 0.1875
1 0.62890625 0.0625 0.1806640625 0.125
1 0.89453125 0.03515625 0.1943359375 0.0693359375
1 0.921875 0.15234375 0.1416015625 0.1630859375
1 0.828125 0.13671875 0.3291015625 0.2568359375
1 0.54296875 0.18359375 0.2255859375 0.2744140625
1 0.390625 0.30078125 0.28125 0.1806640625
1 0.29296875 0.546875 0.2744140625 0.40625
1 0.10546875 0.4951171875 0.2109375 0.193359375
1 0.08984375 0.8427734375 0.1796875 0.298828125
1 0.46484375 0.03125 0.1630859375 0.0625