1 0.4931640625 0.552734375 0.9423828125 0.7431640625
1 0.423828125 0.4755859375 0.3701171875 0.408203125
1 0.4931640625 0.3662109375 0.35546875 0.251953125
1 0.583984375 0.3271484375 0.4228515625 0.2431640625
1 0.6357421875 0.287109375 0.4013671875 0.21875
1 0.69140625 0.2568359375 0.376953125 0.177734375
1 0.7509765625 0.240234375 0.408203125 0.1513671875
1 0.6806640625 0.595703125 0.560546875 0.658203125
1 0.2197265625 0.71484375 0.376953125 0.408203125
1 0.3193359375 0.6552734375 0.248046875 0.1826171875
1 0.1572265625 0.451171875 0.2353515625 0.32421875