1 0.548828125 0.193359375 0.2880859375 0.21875
1 0.6513671875 0.375 0.1826171875 0.1826171875
1 0.404296875 0.3642578125 0.302734375 0.2041015625
1 0.431640625 0.580078125 0.3291015625 0.21875
1 0.67578125 0.56640625 0.1708984375 0.19921875
1 0.8193359375 0.5556640625 0.1298828125 0.1708984375
1 0.212890625 0.564453125 0.115234375 0.197265625
1 0.1259765625 0.7666015625 0.2353515625 0.2451171875
1 0.4130859375 0.7958984375 0.3388671875 0.2568359375
1 0.6884765625 0.76171875 0.2041015625 0.2255859375
1 0.8447265625 0.73046875 0.158203125 0.1826171875
1 0.9267578125 0.6884765625 0.103515625 0.16796875