1 0.064453125 0.47265625 0.12890625 0.44921875
1 0.2294921875 0.2255859375 0.435546875 0.2041015625
1 0.234375 0.404296875 0.439453125 0.5673828125
1 0.1337890625 0.1455078125 0.2666015625 0.15625
1 0.353515625 0.0986328125 0.208984375 0.146484375
1 0.3486328125 0.0400390625 0.216796875 0.0791015625
1 0.498046875 0.0400390625 0.0869140625 0.0791015625
1 0.49609375 0.1044921875 0.091796875 0.072265625
1 0.498046875 0.2724609375 0.0888671875 0.2861328125
1 0.1220703125 0.048828125 0.244140625 0.09765625
1 0.76171875 0.59375 0.470703125 0.32421875
1 0.765625 0.5224609375 0.4619140625 0.2978515625
1 0.765625 0.4482421875 0.4619140625 0.32421875
1 0.765625 0.357421875 0.4619140625 0.3173828125
1 0.7666015625 0.3076171875 0.45703125 0.26171875
1 0.7666015625 0.15625 0.45703125 0.271484375
1 0.7666015625 0.078125 0.45703125 0.15625