1 0.671875 0.24609375 0.375 0.2119140625
1 0.296875 0.36328125 0.25 0.1181640625
1 0.79296875 0.6630859375 0.2568359375 0.21875
1 0.6318359375 0.7744140625 0.3291015625 0.2666015625
1 0.8369140625 0.83984375 0.1875 0.1630859375
1 0.64453125 0.5869140625 0.2431640625 0.21875
1 0.87109375 0.609375 0.1943359375 0.1875
1 0.34765625 0.5556640625 0.4306640625 0.3603515625
1 0.125 0.6806640625 0.25 0.21875
1 0.078125 0.53515625 0.1416015625 0.0869140625
1 0.23046875 0.40625 0.3505859375 0.1875
1 0.39453125 0.42578125 0.6806640625 0.3056640625