1 0.49609375 0.8623046875 0.9921875 0.255859375
1 0.22265625 0.6943359375 0.4443359375 0.1103515625
1 0.72265625 0.6806640625 0.5380859375 0.0625
1 0.8125 0.81640625 0.3603515625 0.1943359375
1 0.125 0.4755859375 0.25 0.3125
1 0.640625 0.38671875 0.4228515625 0.1181640625
1 0.90234375 0.3994140625 0.1806640625 0.1728515625
1 0.90234375 0.57421875 0.1806640625 0.1943359375
1 0.71875 0.53125 0.1728515625 0.1103515625
1 0.75 0.609375 0.21875 0.0791015625
1 0.43359375 0.5556640625 0.4130859375 0.1875
1 0.41796875 0.40234375 0.3505859375 0.0869140625
1 0.1494140625 0.27734375 0.2978515625 0.1181640625
1 0.3193359375 0.34765625 0.1728515625 0.1181640625
1 0.55859375 0.27734375 0.5068359375 0.0869140625
1 0.859375 0.296875 0.125 0.03125
1 0.95703125 0.296875 0.0693359375 0.0625
1 0.62890625 0.2431640625 0.7255859375 0.0625
1 0.14453125 0.19140625 0.2255859375 0.0693359375
1 0.59375 0.19140625 0.7978515625 0.0869140625
1 0.49609375 0.0810546875 0.9921875 0.119140625
1 0.51953125 0.03125 0.9443359375 0.0625
1 0.49609375 0.9169921875 0.9921875 0.150390625
1 0.49609375 0.49609375 0.9921875 0.9921875