1 0.93359375 0.8681640625 0.1181640625 0.15625
1 0.93359375 0.62890625 0.1181640625 0.3369140625
1 0.97265625 0.41796875 0.0380859375 0.0869140625
1 0.9755859375 0.3193359375 0.03125 0.125
1 0.9443359375 0.14453125 0.09375 0.1943359375
1 0.90625 0.359375 0.1103515625 0.21875
1 0.87109375 0.640625 0.1494140625 0.3125
1 0.84375 0.796875 0.0625 0.125
1 0.7255859375 0.83984375 0.2978515625 0.2119140625
1 0.61328125 0.8994140625 0.1494140625 0.09375
1 0.56640625 0.83984375 0.1630859375 0.2119140625
1 0.69921875 0.7431640625 0.2255859375 0.1875
1 0.703125 0.4931640625 0.1728515625 0.3125
1 0.82421875 0.47265625 0.1494140625 0.3193359375
1 0.8681640625 0.19921875 0.1416015625 0.2431640625
1 0.9375 0.0400390625 0.1103515625 0.0791015625
1 0.83203125 0.0400390625 0.1201171875 0.0791015625
1 0.0712890625 0.0830078125 0.1416015625 0.166015625
1 0.130859375 0.02734375 0.109375 0.0546875
1 0.23046875 0.0244140625 0.0869140625 0.0478515625
1 0.2119140625 0.2119140625 0.125 0.3916015625
1 0.3359375 0.18359375 0.125 0.3671875
1 0.44921875 0.1630859375 0.1181640625 0.15625
1 0.4248046875 0.05859375 0.119140625 0.1171875
1 0.46875 0.01953125 0.0791015625 0.0380859375
1 0.46484375 0.859375 0.0869140625 0.15625
1 0.4619140625 0.76953125 0.09375 0.0693359375
1 0.4443359375 0.62890625 0.0791015625 0.2119140625
1 0.52734375 0.6630859375 0.0869140625 0.1416015625
1 0.55078125 0.6943359375 0.0556640625 0.0478515625
1 0.57421875 0.5869140625 0.1005859375 0.15625
1 0.5068359375 0.41015625 0.21875 0.3193359375
1 0.3818359375 0.3818359375 0.125 0.28125
1 0.6875 0.2255859375 0.2353515625 0.1728515625
1 0.75 0.29296875 0.09375 0.1005859375
1 0.640625 0.3056640625 0.0791015625 0.0771484375
1 0.6435546875 0.07421875 0.275390625 0.1484375
1 0.53515625 0.1943359375 0.0556640625 0.1103515625
1 0.34375 0.8369140625 0.15625 0.2041015625
1 0.1806640625 0.90625 0.1728515625 0.0625
1 0.36328125 0.7431640625 0.1181640625 0.1875
1 0.21484375 0.703125 0.2880859375 0.46875
1 0.2744140625 0.51953125 0.25 0.2255859375
1 0.02734375 0.3544921875 0.0546875 0.349609375
1 0.11328125 0.4130859375 0.1943359375 0.59375
1 0.0556640625 0.6494140625 0.1103515625 0.25
1 0.109375 0.78515625 0.21875 0.3056640625
1 0.49609375 0.4716796875 0.9921875 0.943359375