1 0.505859375 0.13671875 0.1875 0.2734375
1 0.359375 0.30859375 0.1416015625 0.2744140625
1 0.640625 0.40234375 0.21875 0.2431640625
1 0.66015625 0.59375 0.2431640625 0.25
1 0.80078125 0.82421875 0.1005859375 0.1806640625
1 0.67578125 0.81640625 0.1630859375 0.2568359375
1 0.51171875 0.82421875 0.1806640625 0.3056640625
1 0.359375 0.85546875 0.1875 0.2568359375
1 0.21875 0.6005859375 0.1416015625 0.28125
1 0.2255859375 0.83984375 0.125 0.2255859375
1 0.35546875 0.58203125 0.1630859375 0.2880859375
1 0.49609375 0.6005859375 0.1630859375 0.2041015625
1 0.49609375 0.39453125 0.2255859375 0.2431640625