1 0.859375 0.6943359375 0.2666015625 0.59375
1 0.58984375 0.85546875 0.2568359375 0.2744140625
1 0.6318359375 0.5625 0.1875 0.3125
1 0.30078125 0.796875 0.3818359375 0.3916015625
1 0.1337890625 0.75390625 0.2666015625 0.478515625
1 0.421875 0.45703125 0.4375 0.3505859375
1 0.61328125 0.5244140625 0.2568359375 0.3603515625
1 0.88671875 0.3369140625 0.2119140625 0.1083984375
1 0.640625 0.2431640625 0.28125 0.1875
1 0.83203125 0.3125 0.3193359375 0.25
1 0.83984375 0.1630859375 0.3056640625 0.15625
1 0.875 0.078125 0.2353515625 0.1103515625
1 0.66015625 0.08203125 0.1943359375 0.1630859375
1 0.27734375 0.03125 0.5546875 0.0625
1 0.0712890625 0.1181640625 0.1416015625 0.1103515625
1 0.20703125 0.08203125 0.1318359375 0.0693359375
1 0.44921875 0.15625 0.3369140625 0.2041015625
1 0.30078125 0.21875 0.4443359375 0.2666015625
1 0.16015625 0.3818359375 0.3193359375 0.40625
1 0.49609375 0.49609375 0.9921875 0.9921875