1 0.90234375 0.734375 0.1806640625 0.5166015625
1 0.73828125 0.73828125 0.1630859375 0.5068359375
1 0.58203125 0.76171875 0.1494140625 0.4619140625
1 0.375 0.7431640625 0.2666015625 0.5
1 0.140625 0.765625 0.2666015625 0.4541015625
1 0.09765625 0.26953125 0.1943359375 0.5380859375
1 0.265625 0.2431640625 0.15625 0.4853515625
1 0.421875 0.2431640625 0.1416015625 0.4853515625
1 0.599609375 0.24609375 0.234375 0.4921875
1 0.8427734375 0.24609375 0.298828125 0.4921875
1 0.49609375 0.49609375 0.9921875 0.9921875