1 0.73828125 0.265625 0.3818359375 0.53125
1 0.3212890625 0.326171875 0.6416015625 0.6513671875
1 0.1806640625 0.6005859375 0.3603515625 0.53125
1 0.2119140625 0.8681640625 0.3125 0.25
1 0.45703125 0.76953125 0.2431640625 0.2880859375
1 0.46484375 0.92578125 0.1943359375 0.1318359375
1 0.71484375 0.7744140625 0.2744140625 0.2666015625
1 0.71875 0.87890625 0.21875 0.1806640625
1 0.87109375 0.79296875 0.1806640625 0.2431640625
1 0.90234375 0.60546875 0.1806640625 0.2431640625
1 0.93359375 0.41796875 0.1181640625 0.1943359375
1 0.32421875 0.3271484375 0.6484375 0.642578125