1 0.392578125 0.400390625 0.70703125 0.4443359375
1 0.5048828125 0.583984375 0.7880859375 0.6005859375
1 0.6865234375 0.3505859375 0.1728515625 0.125
1 0.7431640625 0.30859375 0.0625 0.05078125
1 0.3896484375 0.419921875 0.1826171875 0.1201171875
1 0.275390625 0.4892578125 0.177734375 0.2041015625
4 0.4423828125 0.345703125 0.0771484375 0.052734375
4 0.4931640625 0.404296875 0.0888671875 0.052734375
4 0.4912109375 0.3642578125 0.0576171875 0.072265625
4 0.537109375 0.3583984375 0.052734375 0.0673828125
4 0.591796875 0.3740234375 0.095703125 0.0888671875
4 0.861328125 0.2978515625 0.1708984375 0.177734375