1 0.7255859375 0.2412109375 0.2744140625 0.16796875
1 0.71484375 0.4287109375 0.23046875 0.25
1 0.7412109375 0.71484375 0.154296875 0.34375
1 0.6025390625 0.7197265625 0.259765625 0.220703125
1 0.65625 0.8642578125 0.2666015625 0.20703125
1 0.564453125 0.2607421875 0.1630859375 0.228515625
1 0.6181640625 0.505859375 0.2333984375 0.283203125
1 0.396484375 0.2412109375 0.17578125 0.33203125
1 0.4580078125 0.46484375 0.08203125 0.16796875
1 0.5146484375 0.5712890625 0.134765625 0.1181640625
1 0.291015625 0.51953125 0.26171875 0.279296875
1 0.3232421875 0.72265625 0.283203125 0.228515625
1 0.3837890625 0.8662109375 0.2744140625 0.2119140625
1 0.1708984375 0.396484375 0.1875 0.3701171875
1 0.1455078125 0.748046875 0.17578125 0.375