1 0.87109375 0.80859375 0.25 0.185546875
1 0.9619140625 0.59765625 0.0693359375 0.3505859375
1 0.87890625 0.2587890625 0.23828125 0.5166015625
1 0.9208984375 0.1162109375 0.154296875 0.232421875
1 0.9541015625 0.0673828125 0.083984375 0.134765625
1 0.970703125 0.0361328125 0.05078125 0.072265625
1 0.693359375 0.40234375 0.48046875 0.8046875
1 0.849609375 0.60546875 0.0771484375 0.458984375
1 0.6416015625 0.4306640625 0.447265625 0.8603515625
1 0.580078125 0.4384765625 0.4541015625 0.876953125
1 0.5458984375 0.4462890625 0.4619140625 0.8916015625
1 0.49609375 0.4482421875 0.5 0.896484375
1 0.625 0.662109375 0.158203125 0.46875
1 0.4365234375 0.4482421875 0.435546875 0.896484375
1 0.373046875 0.4482421875 0.3916015625 0.896484375
1 0.2958984375 0.4482421875 0.376953125 0.896484375
1 0.30078125 0.4482421875 0.478515625 0.896484375
1 0.1982421875 0.4638671875 0.3271484375 0.865234375
1 0.16015625 0.46875 0.3193359375 0.865234375
1 0.119140625 0.703125 0.1708984375 0.38671875