1 0.6884765625 0.1865234375 0.15625 0.17578125
1 0.740234375 0.36328125 0.23046875 0.2236328125
1 0.7705078125 0.5244140625 0.333984375 0.21875
1 0.7099609375 0.5791015625 0.3173828125 0.21875
1 0.7294921875 0.7763671875 0.29296875 0.283203125
1 0.7587890625 0.716796875 0.2958984375 0.208984375
1 0.443359375 0.3330078125 0.166015625 0.0986328125
1 0.447265625 0.4267578125 0.283203125 0.154296875
1 0.4931640625 0.486328125 0.19921875 0.23046875
1 0.4365234375 0.505859375 0.240234375 0.091796875
1 0.451171875 0.65234375 0.2978515625 0.189453125
1 0.4072265625 0.7509765625 0.3056640625 0.16796875
1 0.4072265625 0.849609375 0.35546875 0.158203125
1 0.1962890625 0.4892578125 0.2333984375 0.2236328125
1 0.181640625 0.65625 0.248046875 0.3603515625
1 0.1025390625 0.6806640625 0.05078125 0.189453125