1 0.75390625 0.9375 0.4755859375 0.1103515625
1 0.86328125 0.82421875 0.2568359375 0.1806640625
1 0.25 0.95703125 0.5 0.0693359375
1 0.30078125 0.81640625 0.6005859375 0.3505859375
1 0.55859375 0.7255859375 0.3056640625 0.125
1 0.80859375 0.78125 0.3681640625 0.1416015625
1 0.734375 0.66015625 0.5166015625 0.1943359375
1 0.796875 0.49609375 0.3916015625 0.1318359375
1 0.109375 0.53515625 0.21875 0.3193359375
1 0.33984375 0.59765625 0.2431640625 0.1943359375
1 0.38671875 0.4306640625 0.4306640625 0.21875
1 0.59375 0.3369140625 0.2978515625 0.2333984375
1 0.85546875 0.3125 0.2744140625 0.25
1 0.9306640625 0.4130859375 0.125 0.2041015625
1 0.93359375 0.140625 0.1181640625 0.09375
1 0.9013671875 0.05859375 0.181640625 0.1171875
1 0.765625 0.09765625 0.2353515625 0.1943359375
1 0.544921875 0.1337890625 0.353515625 0.2666015625
1 0.328125 0.30078125 0.2353515625 0.1494140625
1 0.109375 0.30078125 0.21875 0.1318359375
1 0.078125 0.203125 0.15625 0.125
1 0.2431640625 0.11328125 0.4853515625 0.2255859375
1 0.49609375 0.49609375 0.9921875 0.9921875