1 0.7724609375 0.3173828125 0.2666015625 0.1728515625
1 0.80078125 0.478515625 0.240234375 0.1826171875
1 0.79296875 0.71484375 0.2978515625 0.35546875
1 0.6103515625 0.21484375 0.1826171875 0.1396484375
1 0.2119140625 0.2275390625 0.26171875 0.1708984375
1 0.37109375 0.30078125 0.1826171875 0.1298828125
1 0.17578125 0.384765625 0.21875 0.1826171875
1 0.1201171875 0.623046875 0.1416015625 0.365234375
1 0.2568359375 0.740234375 0.158203125 0.2451171875
1 0.453125 0.79296875 0.3916015625 0.251953125
1 0.4638671875 0.6025390625 0.251953125 0.1826171875
1 0.4931640625 0.447265625 0.23046875 0.146484375
1 0.3330078125 0.4951171875 0.29296875 0.26171875
1 0.5361328125 0.3291015625 0.13671875 0.0888671875
1 0.623046875 0.513671875 0.052734375 0.1826171875
1 0.64453125 0.419921875 0.0693359375 0.26171875