1 0.77734375 0.78515625 0.2744140625 0.2255859375
1 0.8056640625 0.78125 0.375 0.2353515625
1 0.734375 0.625 0.125 0.1103515625
1 0.89453125 0.53515625 0.1943359375 0.3505859375
1 0.78125 0.5068359375 0.0478515625 0.1416015625
1 0.875 0.3056640625 0.2353515625 0.28125
1 0.9306640625 0.1181640625 0.125 0.2353515625
1 0.8505859375 0.06640625 0.0791015625 0.1318359375
1 0.64453125 0.1181640625 0.3056640625 0.2353515625
1 0.5 0.17578125 0.375 0.2880859375
1 0.54296875 0.3994140625 0.4443359375 0.3603515625
1 0.51171875 0.73046875 0.2568359375 0.3056640625
1 0.51953125 0.8681640625 0.2255859375 0.0625
1 0.14453125 0.7431640625 0.2880859375 0.125
1 0.19921875 0.8388671875 0.3984375 0.119140625
1 0.3369140625 0.7431640625 0.0771484375 0.09375
1 0.13671875 0.6630859375 0.1943359375 0.0478515625
1 0.19921875 0.64453125 0.3681640625 0.1181640625
1 0.1806640625 0.63671875 0.3603515625 0.1318359375
1 0.1650390625 0.48828125 0.3291015625 0.197265625
1 0.16015625 0.2568359375 0.3193359375 0.28125
1 0.19140625 0.0625 0.3818359375 0.125
1 0.498046875 0.4462890625 0.9951171875 0.8916015625