1 0.8701171875 0.712890625 0.228515625 0.4755859375
1 0.6240234375 0.802734375 0.2255859375 0.2978515625
1 0.74609375 0.298828125 0.126953125 0.228515625
1 0.93359375 0.330078125 0.09375 0.2041015625
1 0.828125 0.1025390625 0.125 0.1806640625
1 0.828125 0.22265625 0.1201171875 0.146484375
1 0.8369140625 0.3369140625 0.103515625 0.1298828125
1 0.4951171875 0.224609375 0.302734375 0.42578125
1 0.158203125 0.22265625 0.2861328125 0.4326171875
1 0.37109375 0.6416015625 0.2353515625 0.283203125
1 0.37109375 0.82421875 0.2353515625 0.251953125
1 0.1181640625 0.701171875 0.2236328125 0.4130859375
1 0.13671875 0.783203125 0.197265625 0.310546875