1 0.369140625 0.8603515625 0.541015625 0.271484375
1 0.583984375 0.830078125 0.64453125 0.33203125
1 0.7431640625 0.841796875 0.501953125 0.310546875
1 0.84765625 0.7412109375 0.2958984375 0.1103515625
1 0.9619140625 0.7802734375 0.0673828125 0.0556640625
1 0.767578125 0.5361328125 0.4541015625 0.15625
1 0.828125 0.3974609375 0.333984375 0.220703125
1 0.912109375 0.251953125 0.1630859375 0.220703125
1 0.8193359375 0.1708984375 0.3505859375 0.26953125
1 0.5712890625 0.158203125 0.26953125 0.279296875
1 0.43359375 0.26171875 0.35546875 0.1806640625
1 0.5927734375 0.421875 0.376953125 0.2255859375
1 0.2021484375 0.390625 0.404296875 0.3173828125
1 0.2490234375 0.4326171875 0.333984375 0.2333984375
1 0.0576171875 0.431640625 0.115234375 0.20703125
1 0.068359375 0.2763671875 0.13671875 0.0576171875
1 0.123046875 0.322265625 0.2353515625 0.091796875
1 0.23828125 0.291015625 0.291015625 0.115234375
1 0.390625 0.23046875 0.248046875 0.10546875
1 0.48046875 0.2197265625 0.25 0.091796875
1 0.5087890625 0.3037109375 0.185546875 0.0986328125
1 0.1474609375 0.5341796875 0.294921875 0.283203125
1 0.416015625 0.583984375 0.25 0.216796875
1 0.3173828125 0.734375 0.44921875 0.341796875
1 0.0517578125 0.734375 0.103515625 0.3193359375
1 0.13671875 0.1298828125 0.2734375 0.259765625
1 0.283203125 0.06640625 0.23046875 0.1318359375
1 0.8193359375 0.052734375 0.3388671875 0.0380859375