1 0.8125 0.91015625 0.3603515625 0.1630859375
1 0.796875 0.68359375 0.3125 0.2744140625
1 0.96875 0.67578125 0.0478515625 0.2744140625
1 0.95703125 0.39453125 0.0693359375 0.2880859375
1 0.92578125 0.125 0.1318359375 0.25
1 0.47265625 0.90625 0.3681640625 0.1728515625
1 0.01953125 0.91796875 0.0380859375 0.1494140625
1 0.1630859375 0.9130859375 0.2646484375 0.15625
1 0.4755859375 0.6943359375 0.3603515625 0.2978515625
1 0.14453125 0.69140625 0.2880859375 0.2744140625
1 0.4375 0.38671875 0.3603515625 0.3056640625
1 0.7568359375 0.390625 0.3291015625 0.2978515625
1 0.7109375 0.13671875 0.296875 0.2734375
1 0.3984375 0.12109375 0.34375 0.2421875
1 0.12890625 0.40234375 0.2568359375 0.3193359375
1 0.1123046875 0.12109375 0.224609375 0.2421875
1 0.49609375 0.49609375 0.9921875 0.9921875