1 0.78125 0.609375 0.3291015625 0.75
1 0.8994140625 0.77734375 0.1875 0.4306640625
1 0.58203125 0.77734375 0.2119140625 0.4130859375
1 0.89453125 0.2587890625 0.197265625 0.5166015625
1 0.4306640625 0.30078125 0.2646484375 0.6005859375
1 0.6875 0.11328125 0.1728515625 0.2255859375
1 0.5556640625 0.1025390625 0.095703125 0.2041015625
1 0.67578125 0.3193359375 0.2119140625 0.34375
1 0.12890625 0.25390625 0.2568359375 0.5068359375
1 0.0400390625 0.4072265625 0.0791015625 0.314453125
1 0.1875 0.8369140625 0.375 0.3125
1 0.36328125 0.68359375 0.2431640625 0.6181640625
1 0.10546875 0.6484375 0.2109375 0.203125
1 0.49609375 0.49609375 0.9921875 0.9921875