1 0.7255859375 0.26171875 0.15625 0.1181640625
1 0.8681640625 0.28515625 0.125 0.1181640625
1 0.953125 0.41015625 0.0791015625 0.1318359375
1 0.94921875 0.51953125 0.0869140625 0.1005859375
1 0.94921875 0.6318359375 0.0869140625 0.1103515625
1 0.859375 0.40234375 0.1103515625 0.1181640625
1 0.84765625 0.51953125 0.1005859375 0.1005859375
1 0.84765625 0.62890625 0.1181640625 0.1181640625
1 0.7119140625 0.6494140625 0.15625 0.125
1 0.71484375 0.515625 0.1494140625 0.1416015625
1 0.72265625 0.390625 0.1494140625 0.125
1 0.5693359375 0.265625 0.15625 0.125
1 0.56640625 0.390625 0.1494140625 0.125
1 0.56640625 0.5244140625 0.1318359375 0.125
1 0.5625 0.640625 0.1416015625 0.125
1 0.41796875 0.2568359375 0.1494140625 0.125
1 0.4130859375 0.38671875 0.1416015625 0.1318359375
1 0.4130859375 0.515625 0.15625 0.125
1 0.41015625 0.640625 0.1630859375 0.125
1 0.2744140625 0.2568359375 0.1396484375 0.125
1 0.26171875 0.38671875 0.1630859375 0.1181640625
1 0.2568359375 0.5068359375 0.15625 0.125
1 0.2568359375 0.63671875 0.15625 0.1318359375
1 0.12890625 0.265625 0.1494140625 0.1416015625
1 0.1181640625 0.39453125 0.1416015625 0.1181640625
1 0.109375 0.515625 0.1416015625 0.1103515625
1 0.11328125 0.6318359375 0.1318359375 0.125