1 0.3125 0.69921875 0.28125 0.1494140625
1 0.3505859375 0.765625 0.46875 0.28125
3 0.62890625 0.82421875 0.4130859375 0.1318359375
3 0.50390625 0.734375 0.1806640625 0.125
3 0.65234375 0.73828125 0.3994140625 0.1494140625
3 0.640625 0.59765625 0.4228515625 0.1318359375
3 0.65625 0.67578125 0.40625 0.1318359375
3 0.65625 0.52734375 0.34375 0.0869140625
3 0.640625 0.453125 0.3603515625 0.125
3 0.65234375 0.35546875 0.3681640625 0.0869140625
3 0.64453125 0.23828125 0.3505859375 0.1318359375
3 0.359375 0.2431640625 0.375 0.09375
3 0.3681640625 0.18359375 0.375 0.0556640625
3 0.3193359375 0.296875 0.28125 0.1103515625
3 0.3125 0.31640625 0.3291015625 0.1005859375
3 0.29296875 0.38671875 0.3369140625 0.1181640625
3 0.30078125 0.4443359375 0.3369140625 0.15625
3 0.328125 0.49609375 0.3291015625 0.0869140625
3 0.3125 0.5556640625 0.3291015625 0.1103515625
3 0.3125 0.62109375 0.3125 0.1494140625