4 0.0830078125 0.693359375 0.166015625 0.4169921875
4 0.2236328125 0.732421875 0.2138671875 0.435546875
4 0.376953125 0.755859375 0.212890625 0.388671875
4 0.5361328125 0.8125 0.201171875 0.3701171875
4 0.6826171875 0.83984375 0.1796875 0.3046875
4 0.837890625 0.8671875 0.189453125 0.2470703125
4 0.8984375 0.3857421875 0.201171875 0.443359375
4 0.763671875 0.34765625 0.201171875 0.4921875
4 0.60546875 0.306640625 0.2373046875 0.5205078125
4 0.451171875 0.271484375 0.208984375 0.5419921875
4 0.3037109375 0.2548828125 0.220703125 0.509765625
4 0.154296875 0.255859375 0.212890625 0.5107421875