4 0.1337890625 0.767578125 0.140625 0.408203125
4 0.2900390625 0.7822265625 0.1640625 0.4248046875
4 0.4453125 0.783203125 0.169921875 0.375
4 0.61328125 0.814453125 0.1611328125 0.357421875
4 0.763671875 0.8193359375 0.1455078125 0.2919921875
4 0.9189453125 0.822265625 0.162109375 0.23046875
4 0.8916015625 0.3369140625 0.1669921875 0.431640625
4 0.7431640625 0.3212890625 0.1435546875 0.482421875
4 0.5791015625 0.3046875 0.1796875 0.5078125
4 0.419921875 0.287109375 0.1455078125 0.546875
4 0.271484375 0.28515625 0.1591796875 0.5263671875
4 0.12109375 0.2939453125 0.1455078125 0.560546875