4 0.0810546875 0.6884765625 0.162109375 0.423828125
4 0.21484375 0.732421875 0.2216796875 0.4423828125
4 0.3681640625 0.763671875 0.220703125 0.3955078125
4 0.525390625 0.818359375 0.2109375 0.3623046875
4 0.671875 0.8515625 0.185546875 0.296875
4 0.826171875 0.8837890625 0.1953125 0.232421875
4 0.896484375 0.4140625 0.203125 0.4501953125
4 0.7646484375 0.3701171875 0.212890625 0.4970703125
4 0.607421875 0.3232421875 0.248046875 0.5283203125
4 0.455078125 0.2822265625 0.2216796875 0.546875
4 0.30859375 0.259765625 0.232421875 0.5107421875
4 0.158203125 0.255859375 0.224609375 0.509765625