4 0.078125 0.7109375 0.15625 0.421875
4 0.2138671875 0.7509765625 0.208984375 0.4375
4 0.3681640625 0.7734375 0.208984375 0.390625
4 0.5283203125 0.8212890625 0.197265625 0.357421875
4 0.67578125 0.8515625 0.177734375 0.296875
4 0.830078125 0.880859375 0.1875 0.2373046875
4 0.892578125 0.4033203125 0.2060546875 0.447265625
4 0.751953125 0.365234375 0.1982421875 0.498046875
4 0.591796875 0.326171875 0.232421875 0.5263671875
4 0.4384765625 0.2880859375 0.205078125 0.5517578125
4 0.2890625 0.267578125 0.2158203125 0.521484375
4 0.1396484375 0.267578125 0.2080078125 0.529296875