4 0.08984375 0.72265625 0.1591796875 0.412109375
4 0.244140625 0.7509765625 0.1826171875 0.4296875
4 0.3994140625 0.763671875 0.185546875 0.380859375
4 0.5625 0.80859375 0.1767578125 0.3623046875
4 0.7109375 0.826171875 0.1591796875 0.298828125
4 0.8681640625 0.8427734375 0.173828125 0.2373046875
4 0.900390625 0.357421875 0.185546875 0.435546875
4 0.7548828125 0.330078125 0.166015625 0.4873046875
4 0.59375 0.2998046875 0.201171875 0.513671875
4 0.4365234375 0.2724609375 0.169921875 0.544921875
4 0.287109375 0.259765625 0.18359375 0.51953125
4 0.1376953125 0.267578125 0.171875 0.5341796875