4 0.38671875 0.4814453125 0.224609375 0.6435546875
4 0.638671875 0.455078125 0.2392578125 0.6220703125
4 0.8447265625 0.4794921875 0.310546875 0.6767578125
4 0.1513671875 0.857421875 0.255859375 0.2470703125
4 0.3857421875 0.8623046875 0.2060546875 0.171875
4 0.583984375 0.8564453125 0.1904296875 0.232421875
4 0.802734375 0.8701171875 0.208984375 0.21875
4 0.0927734375 0.4873046875 0.185546875 0.609375
4 0.2216796875 0.6025390625 0.158203125 0.1376953125
4 0.255859375 0.443359375 0.1513671875 0.1279296875
4 0.197265625 0.248046875 0.169921875 0.142578125
4 0.767578125 0.2705078125 0.197265625 0.185546875
4 0.771484375 0.478515625 0.1982421875 0.2783203125