4 0.0693359375 0.7978515625 0.107421875 0.333984375
4 0.1533203125 0.7880859375 0.1123046875 0.322265625
4 0.2216796875 0.7822265625 0.109375 0.330078125
4 0.2861328125 0.763671875 0.103515625 0.314453125
4 0.361328125 0.76171875 0.0966796875 0.279296875
4 0.443359375 0.75390625 0.107421875 0.291015625
4 0.505859375 0.759765625 0.0966796875 0.2861328125
4 0.572265625 0.7578125 0.126953125 0.283203125
4 0.640625 0.7607421875 0.1044921875 0.2939453125
4 0.720703125 0.7744140625 0.1123046875 0.3251953125
4 0.7783203125 0.7763671875 0.0966796875 0.287109375
4 0.845703125 0.787109375 0.103515625 0.314453125
4 0.9189453125 0.794921875 0.1123046875 0.333984375