4 0.3837890625 0.4814453125 0.228515625 0.6435546875
4 0.63671875 0.455078125 0.240234375 0.6220703125
4 0.841796875 0.4794921875 0.3154296875 0.6748046875
4 0.146484375 0.857421875 0.2578125 0.2470703125
4 0.380859375 0.8623046875 0.2080078125 0.171875
4 0.580078125 0.8564453125 0.1923828125 0.232421875
4 0.7978515625 0.8701171875 0.2109375 0.21875
4 0.091796875 0.486328125 0.18359375 0.609375
4 0.21875 0.6025390625 0.158203125 0.1376953125
4 0.25390625 0.443359375 0.1513671875 0.1279296875
4 0.1962890625 0.248046875 0.171875 0.140625
4 0.765625 0.2705078125 0.1982421875 0.185546875
4 0.767578125 0.478515625 0.2001953125 0.2783203125