4 0.376953125 0.494140625 0.2685546875 0.658203125
4 0.62890625 0.458984375 0.28125 0.6376953125
4 0.8271484375 0.4755859375 0.341796875 0.697265625
4 0.154296875 0.8720703125 0.2734375 0.255859375
4 0.3896484375 0.875 0.21875 0.185546875
4 0.587890625 0.861328125 0.2080078125 0.2451171875
4 0.806640625 0.8681640625 0.224609375 0.232421875
4 0.099609375 0.509765625 0.1982421875 0.6220703125
4 0.216796875 0.6201171875 0.1669921875 0.150390625
4 0.24609375 0.4599609375 0.1611328125 0.138671875
4 0.1806640625 0.267578125 0.181640625 0.1533203125
4 0.75 0.2705078125 0.208984375 0.1982421875
4 0.76171875 0.4775390625 0.216796875 0.291015625