4 0.1015625 0.3134765625 0.171875 0.5439453125
4 0.244140625 0.3037109375 0.166015625 0.5498046875
4 0.3974609375 0.3056640625 0.1748046875 0.544921875
4 0.556640625 0.2958984375 0.1826171875 0.529296875
4 0.720703125 0.30078125 0.1826171875 0.505859375
4 0.87109375 0.30859375 0.1826171875 0.4794921875
4 0.916015625 0.765625 0.1669921875 0.271484375
4 0.759765625 0.7763671875 0.1640625 0.2783203125
4 0.6171875 0.787109375 0.1796875 0.3486328125
4 0.4501953125 0.78515625 0.1767578125 0.3701171875
4 0.2958984375 0.7900390625 0.185546875 0.419921875
4 0.13671875 0.7939453125 0.1435546875 0.3828125