4 0.1357421875 0.4560546875 0.1826171875 0.384765625
4 0.2646484375 0.44140625 0.15625 0.3935546875
4 0.3623046875 0.41015625 0.140625 0.326171875
4 0.4619140625 0.396484375 0.1220703125 0.3046875
4 0.544921875 0.392578125 0.138671875 0.3310546875
4 0.650390625 0.3662109375 0.1455078125 0.2998046875
4 0.353515625 0.5908203125 0.162109375 0.3798828125
4 0.466796875 0.5888671875 0.15625 0.373046875
4 0.57421875 0.5732421875 0.150390625 0.359375
4 0.6806640625 0.5625 0.130859375 0.353515625
4 0.7646484375 0.548828125 0.1435546875 0.3720703125
4 0.873046875 0.5458984375 0.1435546875 0.3671875