4 0.0986328125 0.3212890625 0.181640625 0.544921875
4 0.240234375 0.3095703125 0.1748046875 0.552734375
4 0.39453125 0.3095703125 0.1845703125 0.548828125
4 0.552734375 0.298828125 0.1904296875 0.533203125
4 0.716796875 0.30078125 0.1904296875 0.509765625
4 0.8681640625 0.306640625 0.1904296875 0.482421875
4 0.9169921875 0.7626953125 0.166015625 0.275390625
4 0.7646484375 0.7763671875 0.1689453125 0.28125
4 0.6220703125 0.7890625 0.185546875 0.3515625
4 0.455078125 0.7890625 0.1826171875 0.373046875
4 0.3017578125 0.79296875 0.193359375 0.4140625
4 0.1416015625 0.8017578125 0.150390625 0.3857421875