4 0.162109375 0.244140625 0.2138671875 0.4873046875
4 0.302734375 0.2587890625 0.2080078125 0.517578125
4 0.451171875 0.2802734375 0.216796875 0.548828125
4 0.607421875 0.310546875 0.2216796875 0.5341796875
4 0.7646484375 0.35546875 0.2216796875 0.5107421875
4 0.8994140625 0.3994140625 0.201171875 0.486328125
4 0.833984375 0.853515625 0.189453125 0.279296875
4 0.677734375 0.8251953125 0.1845703125 0.2861328125
4 0.5361328125 0.7998046875 0.2060546875 0.3544921875
4 0.375 0.755859375 0.205078125 0.3779296875
4 0.2216796875 0.7333984375 0.21875 0.4423828125
4 0.0771484375 0.6875 0.154296875 0.3876953125