2 0.5 0.5 1 1
2 0.7802734375 0.486328125 0.123046875 0.4658203125
2 0.7265625 0.154296875 0.193359375 0.294921875
2 0.435546875 0.076171875 0.1298828125 0.150390625
2 0.2666015625 0.3251953125 0.154296875 0.138671875
2 0.083984375 0.6201171875 0.16796875 0.314453125
2 0.263671875 0.7529296875 0.2314453125 0.251953125
2 0.416015625 0.232421875 0.1611328125 0.1455078125
2 0.5732421875 0.2783203125 0.169921875 0.1748046875
2 0.236328125 0.529296875 0.2890625 0.2001953125
2 0.9013671875 0.25390625 0.1923828125 0.197265625
2 0.5595703125 0.080078125 0.103515625 0.16015625
2 0.763671875 0.083984375 0.0703125 0.1611328125
2 0.1611328125 0.0712890625 0.109375 0.107421875
2 0.078125 0.1396484375 0.150390625 0.2080078125
2 0.9013671875 0.107421875 0.189453125 0.2080078125
2 0.5283203125 0.1806640625 0.1142578125 0.2763671875
2 0.1953125 0.2138671875 0.1904296875 0.1767578125
2 0.1064453125 0.3603515625 0.173828125 0.126953125
2 0.7412109375 0.392578125 0.021484375 0.2080078125
2 0.3837890625 0.4130859375 0.212890625 0.1455078125
2 0.5986328125 0.306640625 0.4921875 0.1044921875
2 0.232421875 0.0341796875 0.1328125 0.068359375
2 0.3935546875 0.0576171875 0.0390625 0.111328125
2 0.0615234375 0.4658203125 0.109375 0.099609375
2 0.931640625 0.412109375 0.1357421875 0.1328125
2 0.7080078125 0.099609375 0.09375 0.1513671875
2 0.2685546875 0.166015625 0.1015625 0.056640625
2 0.623046875 0.140625 0.0966796875 0.0517578125
2 0.197265625 0.4609375 0.2060546875 0.0546875
2 0.8583984375 0.447265625 0.125 0.060546875
2 0.416015625 0.0263671875 0.060546875 0.0498046875
2 0.123046875 0.064453125 0.025390625 0.029296875
2 0.84765625 0.0595703125 0.0576171875 0.0859375
2 0.3271484375 0.490234375 0.037109375 0.046875
2 0.0126953125 0.185546875 0.025390625 0.0625