2 0.6103515625 0.701171875 0.0966796875 0.2080078125
2 0.8291015625 0.7021484375 0.0673828125 0.1142578125
2 0.9306640625 0.58984375 0.1142578125 0.15625
2 0.728515625 0.3505859375 0.080078125 0.1533203125
2 0.2373046875 0.6142578125 0.083984375 0.138671875
2 0.15234375 0.3642578125 0.072265625 0.1201171875
2 0.642578125 0.263671875 0.078125 0.115234375
2 0.7373046875 0.45703125 0.1171875 0.1201171875
2 0.41796875 0.6416015625 0.111328125 0.1591796875
2 0.7861328125 0.3291015625 0.0810546875 0.1640625
2 0.8955078125 0.1484375 0.09375 0.0888671875
2 0.677734375 0.541015625 0.087890625 0.189453125
2 0.7587890625 0.677734375 0.052734375 0.1064453125
2 0.36328125 0.12109375 0.0810546875 0.115234375
2 0.556640625 0.71484375 0.060546875 0.1171875
2 0.505859375 0.59765625 0.0859375 0.115234375
2 0.8466796875 0.5068359375 0.109375 0.1845703125
2 0.220703125 0.40234375 0.0810546875 0.1123046875
2 0.681640625 0.73046875 0.048828125 0.123046875
2 0.865234375 0.7685546875 0.1015625 0.119140625
2 0.4912109375 0.048828125 0.087890625 0.087890625
2 0.203125 0.220703125 0.0751953125 0.078125
2 0.6162109375 0.4384765625 0.0859375 0.099609375
2 0.203125 0.5263671875 0.083984375 0.1357421875
2 0.5771484375 0.0595703125 0.0625 0.1123046875
2 0.66796875 0.076171875 0.06640625 0.15234375
2 0.8759765625 0.67578125 0.1142578125 0.1171875
2 0.373046875 0.0380859375 0.0654296875 0.076171875
2 0.267578125 0.15234375 0.1171875 0.091796875
2 0.572265625 0.1806640625 0.0810546875 0.173828125
2 0.087890625 0.291015625 0.0703125 0.087890625
2 0.3828125 0.228515625 0.0732421875 0.1142578125
2 0.5146484375 0.2626953125 0.076171875 0.0888671875
2 0.529296875 0.4921875 0.0625 0.0859375
2 0.5546875 0.560546875 0.052734375 0.083984375
2 0.423828125 0.4658203125 0.1044921875 0.1328125
2 0.3115234375 0.064453125 0.0859375 0.0751953125
2 0.6298828125 0.623046875 0.0595703125 0.103515625
2 0.9013671875 0.2744140625 0.0673828125 0.099609375
2 0.947265625 0.4765625 0.0986328125 0.1357421875
2 0.591796875 0.5078125 0.0595703125 0.0908203125
2 0.634765625 0.5556640625 0.0625 0.1220703125
2 0.34765625 0.5732421875 0.0595703125 0.1064453125
2 0.740234375 0.6083984375 0.0732421875 0.1123046875
2 0.5537109375 0.3935546875 0.0546875 0.0703125
2 0.2060546875 0.279296875 0.0732421875 0.0703125
2 0.619140625 0.8515625 0.0966796875 0.109375
2 0.1376953125 0.306640625 0.048828125 0.0732421875
2 0.9755859375 0.7021484375 0.048828125 0.09375
2 0.724609375 0.181640625 0.0595703125 0.220703125
2 0.1923828125 0.146484375 0.0908203125 0.0966796875
2 0.8203125 0.0625 0.115234375 0.0859375
2 0.8076171875 0.6015625 0.0751953125 0.103515625
2 0.486328125 0.779296875 0.0810546875 0.1015625
2 0.353515625 0.7626953125 0.0517578125 0.083984375
2 0.4716796875 0.1728515625 0.052734375 0.111328125
2 0.771484375 0.130859375 0.0517578125 0.1748046875
2 0.197265625 0.349609375 0.064453125 0.0859375
2 0.7216796875 0.0439453125 0.0517578125 0.087890625
2 0.939453125 0.03515625 0.107421875 0.0673828125
2 0.9599609375 0.3125 0.0673828125 0.076171875
2 0.4619140625 0.33203125 0.041015625 0.0654296875
2 0.3203125 0.609375 0.0751953125 0.1279296875
2 0.4267578125 0.07421875 0.0546875 0.146484375
2 0.5146484375 0.1103515625 0.03125 0.0703125