2 0.224609375 0.6669921875 0.4482421875 0.634765625
2 0.73046875 0.6416015625 0.2138671875 0.1953125
2 0.490234375 0.630859375 0.3046875 0.611328125
2 0.619140625 0.458984375 0.087890625 0.2451171875
2 0.646484375 0.484375 0.126953125 0.0732421875
2 0.5859375 0.603515625 0.0673828125 0.166015625
2 0.572265625 0.4609375 0.048828125 0.2080078125
2 0.439453125 0.447265625 0.1171875 0.177734375
2 0.11328125 0.912109375 0.107421875 0.1220703125
2 0.5732421875 0.3974609375 0.0341796875 0.083984375
2 0.330078125 0.478515625 0.0859375 0.185546875