2 0.439453125 0.7294921875 0.158203125 0.1923828125
2 0.427734375 0.5810546875 0.1328125 0.1533203125
2 0.482421875 0.3798828125 0.125 0.078125
2 0.349609375 0.3408203125 0.1201171875 0.078125
2 0.19921875 0.1953125 0.1015625 0.076171875
2 0.7421875 0.490234375 0.087890625 0.099609375
2 0.322265625 0.4697265625 0.1767578125 0.09375
2 0.037109375 0.521484375 0.07421875 0.109375
2 0.6064453125 0.361328125 0.09375 0.09375
2 0.3251953125 0.5810546875 0.0966796875 0.1376953125
2 0.451171875 0.509765625 0.1064453125 0.1171875
2 0.3701171875 0.201171875 0.109375 0.095703125
2 0.220703125 0.2861328125 0.064453125 0.103515625
2 0.8232421875 0.365234375 0.109375 0.0908203125
2 0.1669921875 0.3525390625 0.0673828125 0.0908203125
2 0.1162109375 0.4873046875 0.0390625 0.1298828125
2 0.865234375 0.2841796875 0.09375 0.103515625
2 0.5712890625 0.11328125 0.09375 0.107421875