2 0.681640625 0.283203125 0.177734375 0.1826171875
2 0.884765625 0.275390625 0.1669921875 0.150390625
2 0.626953125 0.115234375 0.107421875 0.1064453125
2 0.8154296875 0.107421875 0.1845703125 0.140625
2 0.8837890625 0.4423828125 0.1435546875 0.1015625
2 0.423828125 0.3251953125 0.2236328125 0.158203125
2 0.1513671875 0.26171875 0.2001953125 0.091796875
2 0.1201171875 0.07421875 0.173828125 0.1044921875
2 0.572265625 0.630859375 0.087890625 0.0625
2 0.388671875 0.140625 0.259765625 0.1611328125
2 0.908203125 0.6044921875 0.0859375 0.0986328125
2 0.154296875 0.412109375 0.208984375 0.1591796875
2 0.806640625 0.8115234375 0.1044921875 0.1279296875
2 0.3017578125 0.5400390625 0.2216796875 0.1171875
2 0.744140625 0.5810546875 0.0595703125 0.1064453125
2 0.3017578125 0.818359375 0.140625 0.1123046875
2 0.1259765625 0.7841796875 0.189453125 0.140625
2 0.638671875 0.8212890625 0.142578125 0.078125
2 0.1435546875 0.611328125 0.1484375 0.154296875
2 0.5859375 0.93359375 0.1044921875 0.0732421875
2 0.791015625 0.716796875 0.1015625 0.056640625
2 0.927734375 0.796875 0.0673828125 0.171875
2 0.486328125 0.9287109375 0.052734375 0.080078125
2 0.412109375 0.494140625 0.1767578125 0.140625
2 0.2119140625 0.9287109375 0.146484375 0.119140625
2 0.498046875 0.7763671875 0.140625 0.0625
2 0.66015625 0.4296875 0.2314453125 0.080078125
2 0.716796875 0.7041015625 0.0419921875 0.0625
2 0.82421875 0.9140625 0.0546875 0.0908203125
2 0.7373046875 0.9267578125 0.060546875 0.107421875
2 0.3935546875 0.7041015625 0.171875 0.0986328125
2 0.5693359375 0.705078125 0.1123046875 0.0517578125
2 0.931640625 0.94921875 0.1064453125 0.0576171875
2 0.5439453125 0.857421875 0.0517578125 0.0419921875
2 0.6767578125 0.5810546875 0.037109375 0.0341796875
2 0.603515625 0.7548828125 0.0576171875 0.0234375