2 0.5068359375 0.3115234375 0.349609375 0.2763671875
2 0.76171875 0.5703125 0.1298828125 0.126953125
2 0.6083984375 0.634765625 0.1376953125 0.095703125
2 0.3759765625 0.845703125 0.0732421875 0.087890625
2 0.41796875 0.513671875 0.0595703125 0.056640625
2 0.63671875 0.748046875 0.1044921875 0.0859375
2 0.54296875 0.6572265625 0.0830078125 0.0341796875
2 0.283203125 0.474609375 0.056640625 0.048828125
2 0.6865234375 0.875 0.0595703125 0.0546875
2 0.87109375 0.7001953125 0.140625 0.0830078125
2 0.2109375 0.6982421875 0.087890625 0.0341796875
2 0.73828125 0.7158203125 0.048828125 0.052734375
2 0.287109375 0.728515625 0.078125 0.0439453125
2 0.9296875 0.78515625 0.041015625 0.0439453125
2 0.806640625 0.853515625 0.046875 0.0205078125
2 0.828125 0.6865234375 0.0625 0.0546875
2 0.4052734375 0.611328125 0.0966796875 0.060546875
2 0.20703125 0.890625 0.0732421875 0.041015625
2 0.443359375 0.875 0.021484375 0.021484375
2 0.263671875 0.6005859375 0.052734375 0.03125
2 0.876953125 0.84765625 0.0751953125 0.033203125
2 0.478515625 0.728515625 0.046875 0.0283203125
2 0.0830078125 0.9677734375 0.0595703125 0.041015625
2 0.7646484375 0.919921875 0.0283203125 0.021484375
2 0.5283203125 0.8505859375 0.0517578125 0.0361328125