2 0.3115234375 0.3330078125 0.5107421875 0.240234375
2 0.8232421875 0.345703125 0.353515625 0.4326171875
2 0.83984375 0.2314453125 0.21875 0.099609375
2 0.435546875 0.48046875 0.357421875 0.154296875
2 0.0751953125 0.44140625 0.146484375 0.107421875
2 0.2548828125 0.154296875 0.509765625 0.1875
2 0.533203125 0.1923828125 0.181640625 0.111328125
2 0.654296875 0.353515625 0.2421875 0.150390625
2 0.607421875 0.69140625 0.2373046875 0.150390625
2 0.349609375 0.693359375 0.291015625 0.177734375
2 0.7470703125 0.134765625 0.0966796875 0.0517578125
2 0.3623046875 0.568359375 0.1357421875 0.0703125
2 0.849609375 0.099609375 0.2939453125 0.138671875
2 0.603515625 0.1728515625 0.302734375 0.123046875
2 0.1025390625 0.1826171875 0.205078125 0.134765625
2 0.5537109375 0.8125 0.296875 0.099609375
2 0.189453125 0.7744140625 0.3720703125 0.357421875
2 0.9189453125 0.8017578125 0.162109375 0.091796875
2 0.830078125 0.0615234375 0.052734375 0.0546875
2 0.8974609375 0.0546875 0.1875 0.072265625
2 0.7958984375 0.111328125 0.0517578125 0.029296875
2 0.0517578125 0.8955078125 0.103515625 0.099609375
2 0.072265625 0.6728515625 0.14453125 0.154296875
2 0.1103515625 0.556640625 0.220703125 0.068359375
2 0.0166015625 0.234375 0.033203125 0.0341796875