2 0.447265625 0.5908203125 0.2158203125 0.375
2 0.1337890625 0.3515625 0.2529296875 0.2861328125
2 0.3349609375 0.4736328125 0.2861328125 0.224609375
2 0.607421875 0.6025390625 0.166015625 0.3125
2 0.712890625 0.4365234375 0.234375 0.294921875
2 0.8720703125 0.4228515625 0.2265625 0.291015625
2 0.447265625 0.2578125 0.263671875 0.244140625
2 0.1630859375 0.69921875 0.310546875 0.2529296875
2 0.275390625 0.173828125 0.2734375 0.2607421875
2 0.931640625 0.80078125 0.1298828125 0.3408203125
2 0.6064453125 0.0927734375 0.279296875 0.185546875
2 0.9375 0.271484375 0.123046875 0.220703125
2 0.091796875 0.912109375 0.1826171875 0.1748046875
2 0.94140625 0.0810546875 0.109375 0.1513671875