2 0.193359375 0.298828125 0.2607421875 0.423828125
2 0.599609375 0.5830078125 0.2265625 0.2138671875
2 0.5478515625 0.294921875 0.1513671875 0.4765625
2 0.1181640625 0.666015625 0.1513671875 0.3203125
2 0.681640625 0.705078125 0.333984375 0.3828125
2 0.408203125 0.1201171875 0.1591796875 0.240234375
2 0.6142578125 0.3154296875 0.171875 0.2607421875
2 0.326171875 0.78125 0.259765625 0.431640625
2 0.224609375 0.626953125 0.1015625 0.2216796875
2 0.5146484375 0.9287109375 0.1220703125 0.1376953125
2 0.1796875 0.8740234375 0.193359375 0.2314453125
2 0.7724609375 0.455078125 0.4423828125 0.3203125
2 0.451171875 0.2529296875 0.181640625 0.505859375
2 0.921875 0.1640625 0.146484375 0.326171875
2 0.8955078125 0.8916015625 0.208984375 0.201171875
2 0.037109375 0.7548828125 0.07421875 0.458984375
2 0.7724609375 0.2353515625 0.1484375 0.162109375
2 0.1240234375 0.1044921875 0.197265625 0.208984375
2 0.654296875 0.19921875 0.0830078125 0.1279296875