2 0.76953125 0.642578125 0.337890625 0.265625
2 0.6435546875 0.7353515625 0.1171875 0.1767578125
2 0.3740234375 0.689453125 0.1142578125 0.181640625
2 0.4755859375 0.560546875 0.21875 0.154296875
2 0.244140625 0.720703125 0.1376953125 0.1484375
2 0.6826171875 0.4619140625 0.15625 0.138671875
2 0.7060546875 0.5869140625 0.2080078125 0.126953125
2 0.1787109375 0.4677734375 0.1669921875 0.1435546875
2 0.3603515625 0.2412109375 0.1298828125 0.0966796875
2 0.529296875 0.7216796875 0.1171875 0.1328125
2 0.3291015625 0.556640625 0.1015625 0.119140625
2 0.771484375 0.3671875 0.1201171875 0.1015625
2 0.8564453125 0.4189453125 0.1015625 0.109375
2 0.423828125 0.458984375 0.2451171875 0.083984375
2 0.5087890625 0.189453125 0.09375 0.0908203125
2 0.544921875 0.35546875 0.169921875 0.1123046875
2 0.6123046875 0.2216796875 0.0810546875 0.0810546875
2 0.6865234375 0.275390625 0.0703125 0.0830078125
2 0.5283203125 0.3056640625 0.1015625 0.0888671875
2 0.26953125 0.263671875 0.083984375 0.091796875
2 0.4814453125 0.2607421875 0.1015625 0.0810546875
2 0.1083984375 0.5009765625 0.046875 0.0966796875
2 0.3203125 0.3544921875 0.080078125 0.0703125
2 0.4150390625 0.3818359375 0.0576171875 0.0908203125
2 0.3779296875 0.185546875 0.0888671875 0.0595703125
2 0.34375 0.314453125 0.095703125 0.0673828125
2 0.3203125 0.423828125 0.0654296875 0.060546875
2 0.6865234375 0.3671875 0.0595703125 0.044921875
2 0.294921875 0.451171875 0.123046875 0.109375
2 0.673828125 0.3330078125 0.052734375 0.052734375