2 0.7294921875 0.4501953125 0.0908203125 0.169921875
2 0.62890625 0.232421875 0.109375 0.1767578125
2 0.5361328125 0.2099609375 0.1513671875 0.169921875
2 0.3154296875 0.3330078125 0.1923828125 0.150390625
2 0.447265625 0.185546875 0.125 0.123046875
2 0.533203125 0.5244140625 0.162109375 0.1796875
2 0.251953125 0.1337890625 0.150390625 0.1513671875
2 0.158203125 0.2919921875 0.140625 0.09375
2 0.53125 0.4150390625 0.09375 0.109375
2 0.083984375 0.1923828125 0.138671875 0.150390625
2 0.216796875 0.265625 0.1640625 0.068359375
2 0.474609375 0.103515625 0.111328125 0.1142578125
2 0.5458984375 0.06640625 0.1591796875 0.1328125
2 0.2333984375 0.6142578125 0.1376953125 0.1591796875
2 0.3525390625 0.224609375 0.263671875 0.0732421875
2 0.181640625 0.564453125 0.076171875 0.224609375
2 0.373046875 0.1396484375 0.146484375 0.111328125
2 0.4560546875 0.517578125 0.142578125 0.1298828125
2 0.3349609375 0.580078125 0.138671875 0.1201171875
2 0.0712890625 0.3740234375 0.1376953125 0.1220703125
2 0.478515625 0.65625 0.080078125 0.0966796875
2 0.3359375 0.71484375 0.1982421875 0.173828125
2 0.40625 0.6171875 0.109375 0.1015625
2 0.2431640625 0.326171875 0.0361328125 0.134765625
2 0.3720703125 0.0390625 0.0673828125 0.078125
2 0.640625 0.34765625 0.138671875 0.0732421875
2 0.267578125 0.451171875 0.220703125 0.1455078125
2 0.2197265625 0.767578125 0.166015625 0.078125
2 0.04296875 0.30078125 0.083984375 0.0595703125
2 0.189453125 0.6591796875 0.111328125 0.1484375
2 0.052734375 0.1220703125 0.0966796875 0.109375
2 0.4169921875 0.033203125 0.087890625 0.0654296875
2 0.6591796875 0.1025390625 0.0673828125 0.138671875
2 0.0478515625 0.193359375 0.0361328125 0.0908203125
2 0.7080078125 0.53125 0.244140625 0.3046875
2 0.056640625 0.482421875 0.1123046875 0.130859375
2 0.0859375 0.9384765625 0.064453125 0.123046875
2 0.193359375 0.40625 0.0859375 0.0732421875
2 0.6669921875 0.384765625 0.060546875 0.060546875
2 0.6455078125 0.947265625 0.072265625 0.1044921875
2 0.103515625 0.048828125 0.1064453125 0.0732421875