2 0.1455078125 0.13671875 0.1484375 0.1982421875
2 0.525390625 0.7919921875 0.259765625 0.205078125
2 0.775390625 0.8076171875 0.208984375 0.1533203125
2 0.6484375 0.67578125 0.201171875 0.1435546875
2 0.6318359375 0.142578125 0.1376953125 0.158203125
2 0.35546875 0.2744140625 0.185546875 0.158203125
2 0.1201171875 0.595703125 0.154296875 0.154296875
2 0.2060546875 0.853515625 0.154296875 0.236328125
2 0.564453125 0.6142578125 0.2080078125 0.1875
2 0.0439453125 0.1708984375 0.0859375 0.1357421875
2 0.927734375 0.2373046875 0.140625 0.1220703125
2 0.8857421875 0.7373046875 0.1533203125 0.1455078125
2 0.3349609375 0.068359375 0.154296875 0.1064453125
2 0.1103515625 0.353515625 0.1171875 0.130859375
2 0.517578125 0.0537109375 0.126953125 0.1015625
2 0.8642578125 0.1494140625 0.126953125 0.0986328125
2 0.2255859375 0.625 0.1279296875 0.150390625
2 0.326171875 0.9306640625 0.1982421875 0.138671875
2 0.21875 0.447265625 0.171875 0.1953125
2 0.078125 0.8046875 0.1376953125 0.255859375
2 0.310546875 0.654296875 0.1953125 0.201171875
2 0.7275390625 0.1474609375 0.1123046875 0.1298828125
2 0.083984375 0.267578125 0.1611328125 0.119140625
2 0.642578125 0.3193359375 0.216796875 0.208984375
2 0.1943359375 0.0390625 0.158203125 0.0732421875
2 0.1845703125 0.310546875 0.107421875 0.138671875
2 0.8330078125 0.30859375 0.109375 0.1044921875
2 0.9384765625 0.85546875 0.123046875 0.158203125
2 0.9462890625 0.29296875 0.107421875 0.1123046875
2 0.9521484375 0.1357421875 0.095703125 0.1142578125
2 0.5869140625 0.2626953125 0.130859375 0.126953125
2 0.248046875 0.197265625 0.111328125 0.1376953125
2 0.8857421875 0.0546875 0.1669921875 0.109375
2 0.615234375 0.94140625 0.1767578125 0.1171875
2 0.4990234375 0.3583984375 0.119140625 0.2265625
2 0.330078125 0.3876953125 0.1328125 0.1201171875
2 0.9287109375 0.5595703125 0.142578125 0.140625
2 0.482421875 0.912109375 0.1298828125 0.1669921875
2 0.3974609375 0.8193359375 0.107421875 0.1142578125
2 0.876953125 0.375 0.1640625 0.0830078125
2 0.041015625 0.419921875 0.080078125 0.1376953125
2 0.736328125 0.6083984375 0.1142578125 0.111328125
2 0.44921875 0.220703125 0.1123046875 0.0830078125
2 0.033203125 0.083984375 0.06640625 0.125
2 0.373046875 0.580078125 0.099609375 0.1455078125
2 0.423828125 0.142578125 0.0986328125 0.1201171875
2 0.544921875 0.12890625 0.064453125 0.0859375
2 0.458984375 0.75 0.109375 0.111328125
2 0.7939453125 0.927734375 0.21875 0.1435546875
2 0.298828125 0.6201171875 0.0986328125 0.109375
2 0.880859375 0.6171875 0.130859375 0.1220703125
2 0.345703125 0.1513671875 0.1328125 0.111328125
2 0.041015625 0.310546875 0.0810546875 0.0830078125
2 0.03125 0.599609375 0.0625 0.0908203125
2 0.794921875 0.259765625 0.1015625 0.1171875
2 0.3115234375 0.841796875 0.109375 0.103515625
2 0.029296875 0.84765625 0.05859375 0.125
2 0.2021484375 0.779296875 0.1123046875 0.103515625
2 0.275390625 0.34765625 0.087890625 0.119140625
2 0.955078125 0.6396484375 0.0888671875 0.1044921875
2 0.470703125 0.5751953125 0.0703125 0.076171875
2 0.7958984375 0.1875 0.0908203125 0.083984375
2 0.89453125 0.4677734375 0.2109375 0.130859375
2 0.7939453125 0.5322265625 0.1064453125 0.0654296875
2 0.6318359375 0.0224609375 0.0595703125 0.0439453125
2 0.541015625 0.193359375 0.099609375 0.068359375
2 0.23828125 0.1259765625 0.083984375 0.0859375