2 0.3701171875 0.185546875 0.1826171875 0.1982421875
2 0.119140625 0.412109375 0.1044921875 0.21875
2 0.263671875 0.4296875 0.125 0.193359375
2 0.4716796875 0.517578125 0.095703125 0.166015625
2 0.486328125 0.2734375 0.103515625 0.162109375
2 0.201171875 0.716796875 0.126953125 0.205078125
2 0.5419921875 0.8388671875 0.126953125 0.1298828125
2 0.587890625 0.357421875 0.0625 0.1171875
2 0.5537109375 0.5517578125 0.091796875 0.1513671875
2 0.9189453125 0.5068359375 0.162109375 0.2861328125
2 0.3681640625 0.9130859375 0.169921875 0.173828125
2 0.5263671875 0.0419921875 0.078125 0.080078125
2 0.7841796875 0.466796875 0.080078125 0.1376953125
2 0.078125 0.240234375 0.150390625 0.279296875
2 0.1884765625 0.5576171875 0.095703125 0.1435546875
2 0.0244140625 0.140625 0.046875 0.208984375
2 0.8486328125 0.859375 0.125 0.2685546875
2 0.5869140625 0.6591796875 0.078125 0.1279296875
2 0.16015625 0.712890625 0.0517578125 0.1640625
2 0.361328125 0.4697265625 0.0625 0.115234375
2 0.04296875 0.5087890625 0.0830078125 0.1982421875
2 0.7236328125 0.0517578125 0.0673828125 0.0859375
2 0.3056640625 0.267578125 0.1171875 0.080078125
2 0.607421875 0.173828125 0.0576171875 0.078125
2 0.677734375 0.2734375 0.046875 0.064453125
2 0.4384765625 0.7587890625 0.0810546875 0.3251953125
2 0.1982421875 0.919921875 0.1171875 0.056640625
2 0.2421875 0.068359375 0.0673828125 0.134765625
2 0.31640625 0.65234375 0.064453125 0.1982421875
2 0.5615234375 0.173828125 0.0341796875 0.099609375
2 0.73828125 0.2197265625 0.0576171875 0.1484375
2 0.5185546875 0.1572265625 0.0576171875 0.0810546875
2 0.05859375 0.3798828125 0.0439453125 0.0966796875
2 0.6611328125 0.4521484375 0.0390625 0.0654296875
2 0.7041015625 0.294921875 0.033203125 0.056640625
2 0.451171875 0.0244140625 0.033203125 0.048828125
2 0.7958984375 0.3125 0.060546875 0.1044921875