2 0.5029296875 0.4072265625 0.4560546875 0.5830078125
2 0.4482421875 0.25 0.1767578125 0.185546875
2 0.5517578125 0.154296875 0.056640625 0.076171875
2 0.638671875 0.234375 0.1171875 0.126953125
2 0.3447265625 0.3125 0.0732421875 0.0830078125
2 0.365234375 0.361328125 0.1689453125 0.1826171875
2 0.296875 0.310546875 0.0595703125 0.0654296875
2 0.330078125 0.2275390625 0.0546875 0.0673828125
2 0.388671875 0.162109375 0.0595703125 0.0439453125
2 0.658203125 0.3125 0.080078125 0.091796875
2 0.474609375 0.142578125 0.0439453125 0.0498046875
2 0.396484375 0.2421875 0.0419921875 0.0498046875
2 0.5576171875 0.2236328125 0.0595703125 0.0595703125
2 0.6064453125 0.265625 0.037109375 0.0439453125