1 0.2203125 0.6109375 0.3296875 0.75
1 0.10078125 0.77734375 0.1875 0.43046875
1 0.41796875 0.77890625 0.21171875 0.41328125
1 0.1046875 0.259375 0.19921875 0.5140625
1 0.56953125 0.3015625 0.26953125 0.5984375
1 0.3125 0.1140625 0.1734375 0.2234375
1 0.44375 0.103125 0.0984375 0.2015625
1 0.32421875 0.32109375 0.21171875 0.34375
1 0.86875 0.25625 0.25703125 0.50703125
1 0.959375 0.40859375 0.0765625 0.3171875
1 0.8109375 0.8375 0.37265625 0.31484375
1 0.63828125 0.68359375 0.24296875 0.61796875
1 0.89296875 0.64921875 0.209375 0.20703125
1 0.5015625 0.4984375 0.99296875 0.99296875
