1 0.28828125 0.87109375 0.47578125 0.228125
1 0.196875 0.625 0.2984375 0.22578125
1 0.70078125 0.74765625 0.228125 0.1296875
1 0.6703125 0.93359375 0.2015625 0.09375
1 0.89921875 0.8296875 0.178125 0.125
1 0.77890625 0.8296875 0.14921875 0.1203125
1 0.66328125 0.8375 0.1296875 0.103125
1 0.775 0.4953125 0.42578125 0.303125
1 0.77890625 0.16015625 0.4328125 0.2859375
1 0.3578125 0.37265625 0.28359375 0.2359375
1 0.17578125 0.37265625 0.2546875 0.2359375
1 0.30078125 0.11796875 0.41328125 0.22109375
1 0.21640625 0.13671875 0.3078125 0.196875
