1 0.86640625 0.196875 0.11796875 0.3796875
1 0.77890625 0.13828125 0.16328125 0.26171875
1 0.84609375 0.14453125 0.23046875 0.27421875
1 0.94921875 0.2859375 0.0484375 0.14921875
1 0.8609375 0.3921875 0.16796875 0.34140625
1 0.68046875 0.34140625 0.28828125 0.66796875
1 0.5890625 0.52890625 0.08671875 0.3265625
1 0.67890625 0.73671875 0.0984375 0.521875
1 0.67890625 0.7859375 0.1515625 0.2359375
1 0.7453125 0.69921875 0.053125 0.196875
1 0.6 0.421875 0.31953125 0.55546875
1 0.384375 0.20546875 0.3265625 0.31953125
1 0.21640625 0.24609375 0.35546875 0.478125
1 0.2921875 0.196875 0.53125 0.3796875
1 0.15234375 0.10234375 0.1515625 0.18984375
1 0.49140625 0.70625 0.1703125 0.5875
1 0.52734375 0.59140625 0.05546875 0.39921875
1 0.4328125 0.734375 0.1390625 0.5265625
1 0.321875 0.7203125 0.09140625 0.209375
1 0.3375 0.9078125 0.05546875 0.18046875
1 0.28125 0.70546875 0.134375 0.3921875
1 0.1671875 0.271875 0.334375 0.52890625
1 0.1 0.4953125 0.19453125 0.446875
1 0.22265625 0.640625 0.0796875 0.209375
1 0.10234375 0.85 0.19921875 0.2953125
1 0.17578125 0.81484375 0.071875 0.2015625
1 0.22109375 0.953125 0.04296875 0.0890625
1 0.228125 0.76171875 0.08671875 0.1109375
