1 0.2828125 0.03828125 0.09375 0.0625
1 0.3609375 0.11796875 0.1390625 0.1734375
1 0.4421875 0.13828125 0.10078125 0.19453125
1 0.50390625 0.13203125 0.11796875 0.1734375
1 0.58671875 0.25390625 0.125 0.11796875
1 0.5625 0.3125 0.0625 0.1109375
1 0.5796875 0.48046875 0.0484375 0.22578125
1 0.5359375 0.43046875 0.02421875 0.1875
1 0.48046875 0.3609375 0.10078125 0.1734375
1 0.46640625 0.30859375 0.08671875 0.13203125
1 0.38671875 0.27734375 0.08671875 0.11796875
1 0.35703125 0.38203125 0.11796875 0.25
1 0.4375 0.49765625 0.1109375 0.14921875
1 0.43046875 0.6109375 0.0625 0.1390625
1 0.53125 0.5875 0.0625 0.15625
1 0.46875 0.8171875 0.1109375 0.21171875
1 0.5484375 0.73203125 0.1109375 0.11796875
1 0.5828125 0.85234375 0.11796875 0.15625
1 0.61796875 0.71171875 0.0625 0.125
1 0.61328125 0.61796875 0.10078125 0.0625
