1 0.65390625 0.625 0.27421875 0.3125
1 0.66953125 0.5625 0.30546875 0.4375
1 0.4859375 0.83984375 0.25 0.13203125
1 0.48203125 0.9421875 0.24296875 0.10078125
1 0.41328125 0.7671875 0.2359375 0.1109375
1 0.37890625 0.56015625 0.36796875 0.47578125
1 0.3140625 0.31015625 0.46875 0.39921875
1 0.3171875 0.3296875 0.22578125 0.1390625
1 0.5484375 0.1421875 0.125 0.1109375
1 0.546875 0.2515625 0.09375 0.09375
1 0.59140625 0.32421875 0.10078125 0.10078125
4 0.71171875 0.88671875 0.1875 0.21171875
4 0.8609375 0.88359375 0.1875 0.21875
4 0.84765625 0.65 0.11796875 0.2046875
4 0.37265625 0.07578125 0.27421875 0.13203125
