1 0.63203125 0.28828125 0.2359375 0.3125
1 0.7046875 0.41328125 0.3125 0.25
1 0.66953125 0.0953125 0.24296875 0.1421875
1 0.828125 0.2046875 0.15625 0.3125
1 0.9 0.35078125 0.09375 0.4515625
1 0.2546875 0.32578125 0.10078125 0.49296875
1 0.33203125 0.27734375 0.10078125 0.50703125
1 0.41796875 0.14453125 0.14921875 0.27421875
1 0.42578125 0.38359375 0.08671875 0.21875
1 0.47734375 0.4234375 0.15625 0.2640625
1 0.19453125 0.42578125 0.1734375 0.28828125
1 0.2359375 0.171875 0.1734375 0.2046875
1 0.12109375 0.0875 0.06953125 0.15625
1 0.06015625 0.14921875 0.115625 0.28359375
1 0.06015625 0.2859375 0.10078125 0.14921875
1 0.04453125 0.40625 0.084375 0.33203125
1 0.0359375 0.68984375 0.0671875 0.2453125
1 0.0953125 0.65 0.1421875 0.15625
1 0.5 0.65625 0.6875 0.25
1 0.8953125 0.671875 0.19453125 0.40625
1 0.34140625 0.8859375 0.1203125 0.2234375
1 0.4625 0.89296875 0.1421875 0.209375
1 0.57109375 0.89296875 0.12734375 0.209375
1 0.6765625 0.8890625 0.103125 0.21640625
1 0.7828125 0.8890625 0.12734375 0.21640625
1 0.91328125 0.9046875 0.15859375 0.18515625
1 0.228125 0.865625 0.1296875 0.2640625
1 0.16015625 0.8578125 0.1515625 0.27890625
1 0.06640625 0.8640625 0.12734375 0.2671875
1 0.4984375 0.5015625 0.99296875 0.99296875
