1 0.8640625 0.87109375 0.06953125 0.18046875
1 0.80546875 0.8640625 0.0484375 0.18046875
1 0.74609375 0.86796875 0.06953125 0.1734375
1 0.8328125 0.7046875 0.05546875 0.125
1 0.78515625 0.7125 0.05546875 0.1421875
1 0.71875 0.71484375 0.0765625 0.13203125
1 0.80859375 0.56953125 0.05546875 0.125
1 0.74296875 0.5796875 0.0625 0.125
1 0.6875 0.58671875 0.0484375 0.125
1 0.734375 0.4546875 0.15625 0.125
1 0.68515625 0.9234375 0.08671875 0.1390625
1 0.625 0.91796875 0.0625 0.14921875
1 0.5796875 0.9234375 0.0484375 0.1390625
1 0.53984375 0.9234375 0.03125 0.1390625
1 0.49609375 0.9265625 0.05546875 0.13203125
1 0.43046875 0.9234375 0.0625 0.1390625
1 0.36328125 0.9265625 0.08671875 0.13203125
1 0.3015625 0.89921875 0.05546875 0.1875
1 0.2390625 0.90234375 0.05546875 0.18046875
1 0.18359375 0.8921875 0.05546875 0.2015625
1 0.125 0.8953125 0.0625 0.19453125
1 0.0671875 0.8953125 0.02421875 0.19453125
1 0.3015625 0.71640625 0.06953125 0.16328125
1 0.21875 0.71484375 0.1109375 0.18046875
1 0.11328125 0.71640625 0.10078125 0.14921875
1 0.36796875 0.7859375 0.0765625 0.14921875
1 0.4265625 0.7859375 0.06953125 0.14921875
1 0.48046875 0.78828125 0.03828125 0.1390625
1 0.515625 0.7828125 0.03125 0.15625
1 0.5359375 0.77890625 0.03828125 0.14921875
1 0.5625 0.78125 0.0484375 0.125
1 0.6140625 0.7828125 0.06953125 0.1421875
1 0.66953125 0.78984375 0.06953125 0.1421875
1 0.3015625 0.5671875 0.05546875 0.14921875
1 0.25 0.56015625 0.0625 0.14921875
1 0.21171875 0.55078125 0.0484375 0.14921875
1 0.15625 0.54296875 0.0765625 0.14921875
1 0.1109375 0.5484375 0.0625 0.1734375
1 0.43515625 0.63203125 0.16328125 0.1390625
1 0.53125 0.63828125 0.0625 0.11796875
1 0.59375 0.64921875 0.0484375 0.125
1 0.6421875 0.6453125 0.0625 0.13203125
1 0.63828125 0.52421875 0.05546875 0.125
1 0.58671875 0.52421875 0.0484375 0.125
1 0.52734375 0.5203125 0.05546875 0.11796875
1 0.4734375 0.45703125 0.08671875 0.21171875
1 0.41328125 0.46875 0.0484375 0.2359375
1 0.34375 0.4625 0.0765625 0.21875
1 0.28125 0.4234375 0.0765625 0.125
1 0.21640625 0.43125 0.03828125 0.15625
1 0.15390625 0.41015625 0.08671875 0.13203125
1 0.74296875 0.22734375 0.2015625 0.40625
1 0.5953125 0.25703125 0.15625 0.3890625
1 0.40625 0.20703125 0.1875 0.28828125
1 0.21875 0.19921875 0.1875 0.28828125
1 0.55859375 0.03515625 0.18046875 0.06953125
1 0.3859375 0.02734375 0.1625 0.0546875
1 0.23125 0.02734375 0.18125 0.0546875
