1 0.49765625 0.7140625 0.9953125 0.5625
1 0.72109375 0.3265625 0.27890625 0.51953125
1 0.58671875 0.296875 0.2546875 0.59375
1 0.49296875 0.39453125 0.08671875 0.46171875
1 0.4390625 0.35078125 0.13203125 0.52890625
1 0.4125 0.39765625 0.12265625 0.4015625
1 0.34609375 0.353125 0.1734375 0.48046875
1 0.3171875 0.303125 0.25 0.60078125
1 0.25625 0.3421875 0.209375 0.50234375
1 0.1828125 0.3578125 0.2546875 0.490625
1 0.10703125 0.3140625 0.2140625 0.5890625
1 0.07421875 0.4015625 0.14453125 0.375
