1 0.3796875 0.78515625 0.39453125 0.32421875
1 0.56015625 0.5625 0.3890625 0.3609375
1 0.74609375 0.5140625 0.1515625 0.16328125
1 0.78125 0.375 0.27890625 0.29296875
1 0.27890625 0.57109375 0.1828125 0.146875
1 0.19921875 0.46015625 0.34140625 0.271875
1 0.196875 0.2984375 0.15859375 0.1875
1 0.3796875 0.28828125 0.1203125 0.1203125
1 0.33046875 0.18046875 0.26171875 0.2359375
1 0.61875 0.19921875 0.31953125 0.2359375
1 0.78359375 0.21875 0.375 0.21171875
1 0.52734375 0.4515625 0.209375 0.3078125
