1 0.47578125 0.9109375 0.2984375 0.16328125
1 0.28828125 0.72734375 0.1390625 0.2046875
1 0.13203125 0.66015625 0.25 0.18046875
1 0.11875 0.4234375 0.21875 0.375
1 0.26953125 0.5046875 0.16328125 0.16328125
1 0.11875 0.84765625 0.21875 0.24296875
1 0.1265625 0.9484375 0.23828125 0.0984375
1 0.28984375 0.8734375 0.11328125 0.24765625
1 0.6109375 0.69921875 0.5 0.28828125
1 0.5046875 0.77421875 0.27421875 0.1109375
1 0.4 0.9515625 0.1421875 0.09140625
1 0.77734375 0.915625 0.44453125 0.16328125
1 0.72265625 0.3921875 0.38203125 0.3265625
1 0.43515625 0.39921875 0.21171875 0.3125
1 0.30859375 0.33671875 0.18046875 0.2015625
