1 0.2328125 0.31015625 0.125 0.196875
1 0.19453125 0.4859375 0.115625 0.1921875
1 0.26953125 0.5265625 0.1109375 0.23046875
1 0.2953125 0.3265625 0.1296875 0.22109375
1 0.3578125 0.57421875 0.14921875 0.259375
1 0.51171875 0.6421875 0.2015625 0.3078125
1 0.765625 0.74296875 0.459375 0.39453125
1 0.7984375 0.4328125 0.39453125 0.3890625
1 0.56015625 0.3796875 0.2453125 0.29296875
1 0.41328125 0.3484375 0.16796875 0.25
1 0.1875 0.76328125 0.196875 0.2765625
1 0.13671875 0.76171875 0.08671875 0.259375
