1 0.27421875 0.24296875 0.27421875 0.16796875
1 0.2859375 0.43046875 0.23046875 0.25
1 0.259375 0.71640625 0.15390625 0.34140625
1 0.39921875 0.72109375 0.259375 0.22109375
1 0.34375 0.865625 0.2640625 0.20703125
1 0.43515625 0.2609375 0.16328125 0.228125
1 0.38359375 0.50703125 0.2328125 0.28359375
1 0.603125 0.24296875 0.1734375 0.33203125
1 0.54296875 0.46640625 0.08203125 0.16796875
1 0.4859375 0.571875 0.134375 0.1203125
1 0.71015625 0.51953125 0.26171875 0.27890625
1 0.678125 0.72265625 0.28359375 0.228125
1 0.61796875 0.86796875 0.27421875 0.21171875
1 0.8296875 0.396875 0.1875 0.3703125
1 0.85546875 0.74765625 0.1734375 0.375
