1 0.7671875 0.32578125 0.4515625 0.55546875
1 0.64453125 0.67578125 0.33671875 0.27421875
1 0.55078125 0.84375 0.21171875 0.1734375
1 0.59765625 0.953125 0.31953125 0.0796875
1 0.33203125 0.953125 0.22578125 0.0796875
1 0.10546875 0.94140625 0.2109375 0.1015625
1 0.08984375 0.6625 0.1796875 0.25
1 0.09375 0.84375 0.1875 0.1109375
1 0.31953125 0.86796875 0.2359375 0.1734375
1 0.328125 0.68359375 0.28125 0.19453125
1 0.3609375 0.5046875 0.3265625 0.16328125
1 0.3921875 0.23203125 0.4234375 0.38203125
1 0.390625 0.04453125 0.37734375 0.084375
1 0.64921875 0.0328125 0.20703125 0.06015625
1 0.07578125 0.2703125 0.1515625 0.5359375
