1 0.3609375 0.3140625 0.4234375 0.46875
1 0.22265625 0.08203125 0.30546875 0.14921875
1 0.1578125 0.48828125 0.15625 0.58671875
1 0.07421875 0.2375 0.1484375 0.4625
1 0.08671875 0.74375 0.1734375 0.21875
1 0.046875 0.5625 0.09375 0.1734375
1 0.165625 0.92265625 0.33125 0.1484375
1 0.2234375 0.81953125 0.14921875 0.0625
1 0.32578125 0.7671875 0.13203125 0.1734375
1 0.3921875 0.6890625 0.2984375 0.28125
1 0.60546875 0.5828125 0.21171875 0.49296875
1 0.65234375 0.12265625 0.56953125 0.22578125
1 0.63203125 0.2546875 0.1390625 0.21171875
1 0.7671875 0.3453125 0.2640625 0.28125
1 0.94609375 0.16484375 0.09375 0.15625
1 0.96171875 0.0484375 0.0625 0.0765625
1 0.85546875 0.49765625 0.27421875 0.41328125
1 0.69921875 0.734375 0.28828125 0.21875
1 0.63828125 0.8609375 0.30546875 0.25
1 0.47265625 0.8921875 0.24296875 0.2015625
1 0.390625 0.9171875 0.2046875 0.1609375
1 0.6296875 0.89296875 0.3078125 0.209375
1 0.88203125 0.8734375 0.22109375 0.24765625
1 0.91484375 0.82578125 0.15625 0.24296875
1 0.9546875 0.7234375 0.0765625 0.14921875
1 0.49765625 0.50234375 0.9953125 0.990625
