1 0.5484375 0.54296875 0.365625 0.16328125
1 0.2640625 0.2546875 0.259375 0.259375
1 0.103125 0.08046875 0.1921875 0.1515625
1 0.071875 0.2328125 0.134375 0.16328125
1 0.10703125 0.3921875 0.2046875 0.15390625
1 0.27421875 0.49765625 0.259375 0.2546875
1 0.68125 0.6859375 0.38203125 0.18046875
1 0.92578125 0.68984375 0.14453125 0.178125
1 0.3171875 0.696875 0.375 0.16328125
1 0.0796875 0.6984375 0.14453125 0.1609375
1 0.3265625 0.85703125 0.3703125 0.15625
1 0.68515625 0.853125 0.3609375 0.14921875
1 0.33046875 0.96484375 0.37265625 0.06484375
1 0.08046875 0.9640625 0.1515625 0.0671875
1 0.0765625 0.8578125 0.1390625 0.15859375
