1 0.3296875 0.24765625 0.375 0.21171875
1 0.7046875 0.3640625 0.25 0.11796875
1 0.2078125 0.66484375 0.25703125 0.21875
1 0.36796875 0.77421875 0.3265625 0.2640625
1 0.16328125 0.84140625 0.1875 0.16328125
1 0.35703125 0.5875 0.24296875 0.21875
1 0.12890625 0.6109375 0.19453125 0.1875
1 0.65234375 0.55546875 0.43046875 0.3609375
1 0.8734375 0.68046875 0.24765625 0.22109375
1 0.9234375 0.5359375 0.1390625 0.08671875
1 0.76953125 0.40625 0.35078125 0.1875
1 0.60703125 0.4265625 0.68046875 0.30546875
