1 0.77890625 0.7859375 0.27421875 0.22578125
1 0.80546875 0.78125 0.375 0.2359375
1 0.7359375 0.625 0.125 0.1109375
1 0.8953125 0.5359375 0.19453125 0.35078125
1 0.78125 0.50859375 0.0484375 0.1421875
1 0.875 0.30625 0.2359375 0.28125
1 0.93046875 0.11796875 0.125 0.2359375
1 0.85078125 0.0671875 0.08203125 0.1296875
1 0.6453125 0.11796875 0.30546875 0.2359375
1 0.5 0.17578125 0.375 0.28828125
1 0.54453125 0.39921875 0.44453125 0.3609375
1 0.51328125 0.73203125 0.25703125 0.30546875
1 0.51953125 0.86796875 0.22578125 0.0625
1 0.1453125 0.74140625 0.2859375 0.12734375
1 0.20078125 0.8390625 0.396875 0.1203125
1 0.3375 0.74375 0.0796875 0.09375
1 0.13828125 0.66328125 0.19453125 0.0484375
1 0.20078125 0.6453125 0.36796875 0.11796875
1 0.18046875 0.63828125 0.3609375 0.13203125
1 0.165625 0.48671875 0.3265625 0.19921875
1 0.1609375 0.25703125 0.3171875 0.28359375
1 0.1921875 0.0640625 0.3796875 0.12265625
1 0.4984375 0.446875 0.99296875 0.8890625
