2 0.2765625 0.53515625 0.1921875 0.4546875
2 0.36796875 0.73046875 0.3265625 0.2640625
2 0.53125 0.43984375 0.2546875 0.64453125
2 0.60703125 0.69609375 0.12734375 0.290625
2 0.66796875 0.78125 0.08671875 0.2359375
2 0.7515625 0.72734375 0.11328125 0.290625
2 0.7765625 0.55078125 0.1921875 0.5
4 0.6078125 0.53125 0.09140625 0.09140625
4 0.27890625 0.2765625 0.134375 0.09140625
4 0.50703125 0.83671875 0.08203125 0.09140625
4 0.5265625 0.8890625 0.15859375 0.10078125
4 0.165625 0.86796875 0.1203125 0.1109375
