2 0.603125 0.6703125 0.5578125 0.25
2 0.36640625 0.82421875 0.540625 0.240625
2 0.3640625 0.55546875 0.5453125 0.2359375
2 0.60078125 0.4 0.5625 0.25703125
2 0.35703125 0.2765625 0.55078125 0.2359375
2 0.6078125 0.1296875 0.5578125 0.25
4 0.27890625 0.6734375 0.10078125 0.14921875
4 0.84140625 0.85234375 0.2359375 0.271875
4 0.053125 0.81875 0.08671875 0.13671875
4 0.0453125 0.55546875 0.08203125 0.1390625
4 0.271875 0.39921875 0.08671875 0.14453125
4 0.03984375 0.2796875 0.07421875 0.1421875
4 0.271875 0.125 0.08671875 0.134375
