2 0.78515625 0.85703125 0.146875 0.21875
2 0.5265625 0.85078125 0.1828125 0.21640625
2 0.52890625 0.615625 0.1875 0.21640625
2 0.80546875 0.61796875 0.1875 0.22109375
2 0.80078125 0.3765625 0.1875 0.209375
2 0.8078125 0.1390625 0.1828125 0.21171875
2 0.53125 0.37265625 0.1828125 0.21640625
2 0.53125 0.1359375 0.1828125 0.209375
2 0.2546875 0.1390625 0.178125 0.21171875
2 0.25703125 0.3765625 0.1828125 0.209375
2 0.25703125 0.61875 0.1828125 0.2234375
2 0.25703125 0.85078125 0.1921875 0.21640625
0 0.4109375 0.8484375 0.0765625 0.1875
0 0.68046875 0.84609375 0.071875 0.1828125
0 0.13671875 0.8484375 0.0765625 0.1875
0 0.13671875 0.6109375 0.0765625 0.1921875
0 0.40859375 0.6109375 0.071875 0.1828125
0 0.68515625 0.60546875 0.071875 0.1875
0 0.6875 0.3703125 0.0765625 0.1875
0 0.4109375 0.37265625 0.0671875 0.1921875
0 0.1390625 0.375 0.0765625 0.1828125
0 0.1390625 0.13671875 0.0765625 0.1828125
0 0.41328125 0.13671875 0.071875 0.1921875
0 0.6828125 0.134375 0.0671875 0.1875
