2 0.85078125 0.05078125 0.1203125 0.08203125
2 0.71171875 0.05546875 0.1109375 0.10078125
2 0.62109375 0.0375 0.05078125 0.06484375
2 0.56875 0.0375 0.07421875 0.05546875
2 0.22265625 0.13828125 0.07421875 0.07421875
2 0.1546875 0.1609375 0.06953125 0.08203125
2 0.0984375 0.21015625 0.04296875 0.05078125
2 0.0265625 0.23203125 0.0484375 0.0890625
2 0.0265625 0.75 0.0484375 0.0625
2 0.25234375 0.88828125 0.08671875 0.07421875
2 0.10546875 0.93359375 0.1203125 0.07421875
2 0.9046875 0.821875 0.06015625 0.04296875
2 0.740625 0.9015625 0.08203125 0.10078125
2 0.95546875 0.7359375 0.06953125 0.08203125
2 0.92421875 0.67578125 0.07421875 0.08203125
2 0.9734375 0.634375 0.04296875 0.08203125
2 0.95703125 0.57421875 0.08203125 0.1109375
2 0.9703125 0.4515625 0.05078125 0.14453125
2 0.9734375 0.37265625 0.04296875 0.09609375
2 0.96015625 0.271875 0.06953125 0.1203125
2 0.93515625 0.22109375 0.1109375 0.1109375
2 0.896875 0.1609375 0.10078125 0.10078125
2 0.8140625 0.134375 0.06484375 0.08203125
2 0.40859375 0.10546875 0.09609375 0.08203125
2 0.46015625 0.08515625 0.06953125 0.05078125
2 0.34140625 0.1578125 0.09140625 0.05546875
2 0.35546875 0.89765625 0.1109375 0.07421875
2 0.44140625 0.93125 0.06015625 0.06015625
2 0.46015625 0.89453125 0.06953125 0.09609375
2 0.53828125 0.8796875 0.09609375 0.10078125
2 0.62265625 0.89921875 0.08671875 0.09609375
2 0.178125 0.7609375 0.125 0.06015625
2 0.0875 0.69140625 0.07421875 0.0984375
2 0.04453125 0.66015625 0.084375 0.07421875
2 0.14765625 0.66953125 0.07421875 0.0796875
2 0.20546875 0.66796875 0.06015625 0.09609375
2 0.08203125 0.59140625 0.14921875 0.08203125
2 0.08671875 0.53515625 0.10078125 0.06015625
2 0.0484375 0.50234375 0.09609375 0.08671875
2 0.02421875 0.43046875 0.04296875 0.08203125
2 0.0171875 0.36875 0.02890625 0.05078125
2 0.0359375 0.3125 0.0671875 0.0671875
2 0.08984375 0.34140625 0.06015625 0.09140625
2 0.0828125 0.396875 0.06484375 0.09140625
2 0.13828125 0.36796875 0.05546875 0.14453125
2 0.134375 0.24375 0.08203125 0.06484375
2 0.18359375 0.28828125 0.07421875 0.08671875
2 0.16484375 0.53828125 0.05078125 0.10546875
2 0.20546875 0.5953125 0.06953125 0.06953125
2 0.21484375 0.52734375 0.06015625 0.07421875
2 0.19921875 0.4640625 0.08203125 0.08671875
2 0.2015625 0.37265625 0.08671875 0.115625
2 0.25859375 0.6734375 0.05546875 0.08671875
2 0.31875 0.82109375 0.07421875 0.06015625
2 0.290625 0.76328125 0.08203125 0.07421875
2 0.38671875 0.63671875 0.2359375 0.16328125
2 0.3609375 0.490625 0.23046875 0.240625
2 0.3890625 0.30546875 0.240625 0.15859375
2 0.2875 0.26953125 0.17578125 0.134375
2 0.48046875 0.2125 0.22109375 0.18515625
2 0.4625 0.13125 0.05546875 0.05078125
2 0.61328125 0.146875 0.14453125 0.1296875
2 0.709375 0.20078125 0.20703125 0.19921875
2 0.603125 0.4015625 0.29296875 0.240625
2 0.81484375 0.38203125 0.25 0.33671875
2 0.78515625 0.5890625 0.30078125 0.22578125
2 0.54296875 0.6078125 0.28359375 0.2546875
2 0.396875 0.803125 0.1109375 0.115625
2 0.50703125 0.790625 0.115625 0.10078125
2 0.61796875 0.79296875 0.115625 0.10546875
2 0.73046875 0.759375 0.1296875 0.1203125
2 0.821875 0.7765625 0.10546875 0.1203125
2 0.90625 0.76171875 0.08203125 0.08671875
