2 0.06640625 0.115625 0.0890625 0.16796875
2 0.13671875 0.390625 0.15390625 0.25703125
2 0.10703125 0.61875 0.0890625 0.0890625
2 0.09765625 0.8125 0.1515625 0.1828125
2 0.27265625 0.88125 0.1515625 0.1703125
2 0.4359375 0.88125 0.0890625 0.1421875
2 0.59375 0.90625 0.10078125 0.08203125
2 0.428125 0.64296875 0.053125 0.209375
2 0.2859375 0.678125 0.125 0.1109375
2 0.31640625 0.4203125 0.1515625 0.21640625
2 0.25 0.146875 0.071875 0.196875
2 0.40390625 0.14453125 0.15390625 0.1921875
2 0.53125 0.290625 0.1109375 0.21640625
2 0.48828125 0.4109375 0.1390625 0.1734375
2 0.6078125 0.13359375 0.15390625 0.1421875
2 0.69453125 0.38671875 0.10546875 0.16796875
2 0.696875 0.55546875 0.0484375 0.10546875
2 0.62265625 0.5640625 0.071875 0.084375
2 0.546875 0.61171875 0.0359375 0.021875
2 0.57421875 0.665625 0.01953125 0.0140625
2 0.5796875 0.728125 0.10546875 0.053125
2 0.61640625 0.78359375 0.03125 0.01953125
2 0.6296875 0.8109375 0.03828125 0.021875
2 0.7859375 0.9234375 0.16328125 0.0578125
2 0.9421875 0.92890625 0.04296875 0.0890625
2 0.9046875 0.8171875 0.09375 0.04296875
2 0.81015625 0.80625 0.125 0.09375
2 0.71171875 0.790625 0.04296875 0.10546875
2 0.69453125 0.71640625 0.0625 0.04296875
2 0.77265625 0.74296875 0.021875 0.01953125
2 0.81015625 0.73203125 0.053125 0.03125
2 0.759375 0.6875 0.01953125 0.0140625
2 0.7078125 0.6546875 0.0265625 0.0265625
2 0.6734375 0.6671875 0.0046875 0.0265625
2 0.74375 0.603125 0.0265625 0.0484375
2 0.78828125 0.6609375 0.0140625 0.0140625
2 0.81640625 0.634375 0.084375 0.1390625
2 0.915625 0.72109375 0.115625 0.04296875
2 0.928125 0.58203125 0.0671875 0.10078125
2 0.85546875 0.53828125 0.0484375 0.04296875
2 0.76953125 0.48046875 0.08203125 0.125
2 0.91953125 0.490625 0.084375 0.071875
2 0.8171875 0.29921875 0.1296875 0.1421875
2 0.78125 0.125 0.1296875 0.178125
2 0.92578125 0.21484375 0.115625 0.146875
