2 0.3921875 0.446875 0.3890625 0.27421875
2 0.65 0.7984375 0.13671875 0.21171875
2 0.51171875 0.72109375 0.1109375 0.2015625
2 0.45703125 0.65390625 0.04296875 0.10546875
2 0.634375 0.7234375 0.04296875 0.09609375
2 0.775 0.7515625 0.06953125 0.05078125
2 0.740625 0.66796875 0.0578125 0.0765625
2 0.68984375 0.646875 0.03359375 0.0765625
2 0.6703125 0.446875 0.21640625 0.33671875
2 0.6609375 0.25859375 0.1390625 0.13203125
2 0.64296875 0.1609375 0.07421875 0.08671875
2 0.5609375 0.1203125 0.07421875 0.0765625
2 0.57109375 0.19921875 0.05546875 0.10078125
2 0.53828125 0.27421875 0.0578125 0.1109375
2 0.49296875 0.29296875 0.0484375 0.0671875
2 0.4265625 0.36796875 0.05546875 0.08671875
2 0.459375 0.11796875 0.09609375 0.1109375
