2 0.5 0.5 0.9953125 0.9953125
2 0.5375 0.5671875 0.11328125 0.071875
2 0.4328125 0.521875 0.08203125 0.0484375
2 0.38203125 0.56953125 0.053125 0.0578125
2 0.3921875 0.665625 0.08203125 0.0625
2 0.353125 0.7875 0.0765625 0.06953125
2 0.40859375 0.8015625 0.08203125 0.05078125
2 0.634375 0.553125 0.125 0.09140625
2 0.6703125 0.446875 0.09140625 0.0671875
2 0.73828125 0.459375 0.0625 0.0765625
2 0.7359375 0.50703125 0.0484375 0.03359375
2 0.8484375 0.51171875 0.09609375 0.0578125
2 0.90625 0.2453125 0.0578125 0.0671875
2 0.80078125 0.2359375 0.071875 0.0484375
2 0.74375 0.2328125 0.03125 0.071875
2 0.696875 0.1921875 0.053125 0.0671875
2 0.43046875 0.2953125 0.09609375 0.08203125
2 0.31953125 0.19453125 0.08203125 0.0625
2 0.3171875 0.25234375 0.08671875 0.0578125
2 0.1765625 0.24296875 0.103125 0.08671875
2 0.2125 0.14921875 0.11328125 0.071875
2 0.3421875 0.2484375 0.67578125 0.478125
2 0.22109375 0.49296875 0.4328125 0.35078125
2 0.49375 0.709375 0.32421875 0.25
2 0.13671875 0.8546875 0.2640625 0.2859375
2 0.69921875 0.80390625 0.4375 0.24765625
2 0.76171875 0.30390625 0.29296875 0.2671875
2 0.7765625 0.709375 0.34609375 0.54296875
