2 0.22578125 0.29296875 0.15859375 0.1734375
2 0.1078125 0.3375 0.0484375 0.0796875
2 0.18515625 0.3609375 0.02421875 0.0625
2 0.1703125 0.4109375 0.0625 0.0484375
2 0.2359375 0.365625 0.0484375 0.0625
2 0.10078125 0.43046875 0.02890625 0.053125
2 0.15859375 0.50234375 0.0578125 0.0625
2 0.17578125 0.52890625 0.0484375 0.04296875
2 0.0671875 0.52890625 0.071875 0.115625
2 0.1421875 0.56875 0.16796875 0.13203125
2 0.1609375 0.66015625 0.09140625 0.0796875
2 0.1078125 0.6078125 0.053125 0.09609375
2 0.21875 0.7140625 0.0765625 0.04296875
2 0.16796875 0.728125 0.03828125 0.0671875
2 0.13671875 0.76328125 0.071875 0.07421875
2 0.25 0.66328125 0.01953125 0.03828125
2 0.24296875 0.61796875 0.009375 0.0140625
2 0.30546875 0.6078125 0.0765625 0.0625
2 0.26171875 0.5578125 0.0625 0.0578125
2 0.3171875 0.4734375 0.115625 0.1109375
2 0.384375 0.3296875 0.1390625 0.2015625
2 0.46171875 0.28125 0.04296875 0.0625
2 0.56015625 0.28984375 0.1296875 0.13203125
2 0.52890625 0.4421875 0.14921875 0.1109375
2 0.490625 0.44453125 0.26953125 0.16796875
2 0.4203125 0.5625 0.29296875 0.115625
2 0.69921875 0.28359375 0.1296875 0.16328125
2 0.696875 0.23828125 0.02890625 0.0625
2 0.81875 0.38359375 0.3578125 0.25234375
2 0.8765625 0.5 0.0265625 0.03828125
2 0.7328125 0.49296875 0.125 0.053125
2 0.66796875 0.50859375 0.08203125 0.07421875
2 0.7359375 0.58203125 0.1875 0.15859375
2 0.6140625 0.58203125 0.12734375 0.09609375
2 0.584375 0.65390625 0.14921875 0.0671875
2 0.5578125 0.6890625 0.1828125 0.12734375
2 0.48046875 0.69453125 0.02890625 0.0625
2 0.4234375 0.66328125 0.08203125 0.09140625
2 0.3796875 0.7234375 0.0625 0.0484375
2 0.303125 0.696875 0.09140625 0.0671875
2 0.22578125 0.7859375 0.10546875 0.09140625
2 0.334375 0.8125 0.15859375 0.09140625
2 0.38828125 0.79296875 0.1078125 0.09609375
2 0.48671875 0.78984375 0.1078125 0.07421875
2 0.4546875 0.84375 0.0140625 0.03828125
2 0.4328125 0.89453125 0.0484375 0.053125
2 0.39296875 0.93984375 0.0265625 0.0484375
2 0.36328125 0.8640625 0.10078125 0.07421875
2 0.5171875 0.8734375 0.09609375 0.084375
2 0.53828125 0.9375 0.01953125 0.053125
2 0.634375 0.834375 0.09140625 0.10078125
2 0.64921875 0.77890625 0.0671875 0.053125
2 0.55546875 0.73828125 0.134375 0.10078125
2 0.73828125 0.78125 0.09140625 0.09140625
2 0.709375 0.72109375 0.0671875 0.04296875
2 0.728125 0.678125 0.0765625 0.04296875
2 0.834375 0.68515625 0.1390625 0.1109375
2 0.8734375 0.75703125 0.06015625 0.04296875
2 0.9328125 0.63125 0.1203125 0.12734375
