2 0.6671875 0.8078125 0.2859375 0.1875
2 0.4328125 0.56015625 0.4375 0.3125
2 0.7640625 0.58671875 0.14453125 0.1390625
2 0.55546875 0.259375 0.27421875 0.20703125
2 0.771875 0.3890625 0.14453125 0.1390625
2 0.72109375 0.1609375 0.21171875 0.15859375
4 0.50859375 0.8078125 0.13671875 0.1875
4 0.17578125 0.56015625 0.14921875 0.2546875
4 0.65859375 0.58203125 0.1203125 0.14921875
4 0.671875 0.3890625 0.12734375 0.14453125
4 0.38671875 0.2546875 0.14921875 0.21171875
4 0.584375 0.16015625 0.1203125 0.1515625
