2 0.50234375 0.5046875 0.95703125 0.240625
2 0.5109375 0.3859375 0.62265625 0.1078125
2 0.5046875 0.2765625 0.53828125 0.1296875
2 0.5140625 0.21484375 0.47578125 0.06484375
2 0.49765625 0.14453125 0.41328125 0.09140625
2 0.49296875 0.10078125 0.33203125 0.0578125
2 0.48828125 0.03984375 0.259375 0.06015625
2 0.5140625 0.68359375 0.678125 0.1515625
2 0.5046875 0.7609375 0.58671875 0.1078125
2 0.51171875 0.8546875 0.47109375 0.103125
2 0.5 0.89296875 0.41796875 0.06953125
2 0.48828125 0.959375 0.34609375 0.0765625
0 0.78125 0.2796875 0.02421875 0.06015625
0 0.76171875 0.2328125 0.009375 0.03359375
0 0.71171875 0.15859375 0.02421875 0.03828125
0 0.6734375 0.11875 0.01953125 0.021875
0 0.6296875 0.05078125 0.0140625 0.02890625
0 0.83203125 0.4109375 0.0140625 0.0578125
0 0.984375 0.50234375 0.0265625 0.10078125
0 0.8703125 0.678125 0.02421875 0.0671875
0 0.81484375 0.74140625 0.02421875 0.06015625
0 0.75703125 0.84765625 0.01953125 0.05546875
0 0.71640625 0.88671875 0.0140625 0.02890625
0 0.6734375 0.959375 0.009375 0.02890625
