2 0.46875 0.5015625 0.9328125 0.99296875
2 0.7078125 0.1609375 0.2140625 0.3125
2 0.86328125 0.15625 0.1296875 0.28828125
2 0.875 0.08671875 0.134375 0.15859375
2 0.875 0.2859375 0.125 0.1296875
2 0.86875 0.4828125 0.12265625 0.28828125
2 0.80625 0.4203125 0.06015625 0.22109375
2 0.771875 0.41015625 0.04296875 0.17578125
2 0.7328125 0.37734375 0.08203125 0.23046875
2 0.4578125 0.103125 0.3296875 0.1921875
2 0.32421875 0.046875 0.0765625 0.0796875
2 0.259375 0.1453125 0.14453125 0.2765625
2 0.14765625 0.071875 0.0984375 0.1296875
2 0.4203125 0.42578125 0.3609375 0.4859375
2 0.62734375 0.4546875 0.26953125 0.53828125
2 0.6734375 0.76953125 0.14453125 0.16796875
2 0.81015625 0.7546875 0.1203125 0.1875
2 0.9046875 0.9375 0.0453125 0.09140625
2 0.8265625 0.896875 0.15859375 0.16328125
2 0.7171875 0.9359375 0.12265625 0.12265625
2 0.6421875 0.94453125 0.08671875 0.10546875
2 0.62265625 0.82421875 0.15859375 0.25
2 0.375 0.74140625 0.3703125 0.40625
2 0.2359375 0.50703125 0.21171875 0.321875
2 0.146875 0.3296875 0.1921875 0.35078125
2 0.0765625 0.1421875 0.14921875 0.20703125
2 0.06953125 0.4421875 0.134375 0.53359375
2 0.09609375 0.7359375 0.1875 0.3078125
2 0.140625 0.8546875 0.209375 0.2859375
