2 0.02890625 0.9625 0.0484375 0.06953125
2 0.09609375 0.98203125 0.09609375 0.03125
2 0.0765625 0.9203125 0.071875 0.0671875
2 0.16796875 0.9421875 0.0578125 0.0484375
2 0.196875 0.9734375 0.125 0.0484375
2 0.24296875 0.8921875 0.0625 0.0765625
2 0.146875 0.8765625 0.08671875 0.06484375
2 0.19453125 0.8234375 0.1203125 0.05546875
2 0.2671875 0.82109375 0.0578125 0.0265625
2 0.2765625 0.853125 0.02421875 0.03828125
2 0.334375 0.8421875 0.0671875 0.05546875
2 0.303125 0.91953125 0.0765625 0.06953125
2 0.32421875 0.9640625 0.0625 0.0671875
2 0.375 0.93984375 0.0578125 0.0484375
2 0.38671875 0.8890625 0.071875 0.0625
2 0.4421875 0.9203125 0.0484375 0.0484375
2 0.4109375 0.96171875 0.0484375 0.02421875
2 0.44921875 0.9796875 0.053125 0.0265625
2 0.50234375 0.9625 0.0671875 0.06953125
2 0.57421875 0.97578125 0.0484375 0.04296875
2 0.553125 0.8796875 0.08203125 0.02421875
2 0.5890625 0.84140625 0.0625 0.08671875
2 0.5359375 0.8171875 0.071875 0.03359375
2 0.52421875 0.8609375 0.0765625 0.0578125
2 0.4890625 0.85078125 0.040625 0.03828125
2 0.69921875 0.9234375 0.0484375 0.0625
2 0.725 0.9671875 0.0359375 0.05078125
2 0.665625 0.96171875 0.071875 0.03828125
2 0.603125 0.93515625 0.09140625 0.0484375
2 0.571875 0.91484375 0.125 0.03125
2 0.6828125 0.84765625 0.0484375 0.05078125
2 0.7546875 0.85234375 0.0484375 0.040625
2 0.771875 0.88359375 0.02421875 0.0265625
2 0.81484375 0.8890625 0.053125 0.0671875
2 0.7546875 0.921875 0.0578125 0.05078125
2 0.8171875 0.93984375 0.0578125 0.03359375
2 0.82578125 0.978125 0.040625 0.03359375
2 0.88203125 0.96875 0.053125 0.053125
2 0.06953125 0.7828125 0.0484375 0.05078125
2 0.0984375 0.8390625 0.08203125 0.0765625
2 0.02890625 0.85703125 0.0484375 0.0890625
2 0.0203125 0.7546875 0.03125 0.1203125
2 0.02265625 0.67578125 0.0359375 0.0484375
2 0.0890625 0.725 0.053125 0.05078125
2 0.11328125 0.75234375 0.08203125 0.04296875
2 0.18046875 0.7765625 0.08203125 0.0484375
2 0.2328125 0.75625 0.071875 0.05078125
2 0.3078125 0.775 0.0484375 0.05078125
2 0.3578125 0.771875 0.0671875 0.03828125
2 0.40625 0.81015625 0.08671875 0.071875
2 0.45703125 0.803125 0.08671875 0.071875
2 0.2765625 0.709375 0.08671875 0.0671875
2 0.3578125 0.7328125 0.0765625 0.03359375
2 0.05078125 0.65625 0.0484375 0.03828125
2 0.09609375 0.6890625 0.08671875 0.06953125
2 0.18515625 0.66015625 0.053125 0.03125
2 0.19453125 0.7078125 0.0671875 0.05546875
2 0.31015625 0.65390625 0.071875 0.04296875
2 0.375 0.69375 0.0671875 0.05078125
2 0.0765625 0.6046875 0.053125 0.05078125
2 0.13203125 0.61328125 0.0671875 0.0671875
2 0.17578125 0.62890625 0.01953125 0.0265625
2 0.19453125 0.58203125 0.0578125 0.0578125
2 0.2453125 0.60078125 0.0765625 0.04296875
2 0.29921875 0.625 0.103125 0.071875
2 0.3921875 0.665625 0.08203125 0.0625
2 0.4828125 0.69453125 0.0578125 0.0625
2 0.46171875 0.74609375 0.08671875 0.06953125
2 0.42578125 0.709375 0.0578125 0.03359375
2 0.515625 0.75234375 0.103125 0.0578125
2 0.521875 0.78359375 0.071875 0.03828125
2 0.56484375 0.725 0.08671875 0.0265625
2 0.5953125 0.76796875 0.0359375 0.05078125
2 0.625 0.803125 0.071875 0.0625
2 0.615625 0.73203125 0.0765625 0.0890625
2 0.7046875 0.790625 0.08671875 0.071875
2 0.6703125 0.7234375 0.08203125 0.0578125
2 0.73828125 0.728125 0.08203125 0.0578125
2 0.75 0.77890625 0.0484375 0.0671875
2 0.79921875 0.80078125 0.040625 0.0625
2 0.8296875 0.80546875 0.0625 0.0671875
2 0.82578125 0.8546875 0.11328125 0.03125
2 0.946875 0.88359375 0.09609375 0.07421875
2 0.9125 0.9203125 0.103125 0.10078125
2 0.89453125 0.8125 0.09609375 0.08671875
2 0.92890625 0.75234375 0.03125 0.03828125
2 0.975 0.7828125 0.0453125 0.05546875
2 0.884375 0.7140625 0.08671875 0.053125
2 0.96484375 0.69921875 0.06484375 0.09140625
2 0.80078125 0.7296875 0.0625 0.06953125
2 0.08671875 0.53359375 0.09609375 0.08671875
2 0.0359375 0.53359375 0.0625 0.08671875
2 0.13671875 0.53828125 0.0671875 0.0625
2 0.1828125 0.53125 0.0578125 0.03359375
2 0.25390625 0.53828125 0.103125 0.053125
2 0.2640625 0.5625 0.0625 0.04296875
2 0.3171875 0.5671875 0.0765625 0.04296875
2 0.37890625 0.58046875 0.0359375 0.05078125
2 0.428125 0.571875 0.0625 0.053125
2 0.4859375 0.6203125 0.0625 0.0578125
2 0.45703125 0.64453125 0.0765625 0.0671875
2 0.52890625 0.646875 0.0765625 0.04296875
2 0.5609375 0.68515625 0.11328125 0.0625
2 0.646875 0.665625 0.09609375 0.0625
2 0.65859375 0.62109375 0.1390625 0.06953125
2 0.709375 0.5796875 0.0671875 0.053125
2 0.771875 0.60546875 0.0765625 0.071875
2 0.04296875 0.47578125 0.0765625 0.09140625
2 0.13203125 0.46640625 0.0484375 0.04296875
2 0.209375 0.49765625 0.0578125 0.0484375
2 0.28359375 0.49296875 0.071875 0.0578125
2 0.5375 0.56875 0.103125 0.06953125
2 0.63828125 0.56640625 0.1078125 0.0890625
2 0.790625 0.49375 0.02421875 0.06953125
2 0.7453125 0.51171875 0.0671875 0.0671875
2 0.84375 0.5265625 0.08671875 0.08203125
2 0.8796875 0.5515625 0.0671875 0.05078125
2 0.90390625 0.525 0.071875 0.06953125
2 0.92421875 0.56484375 0.103125 0.053125
2 0.978125 0.51953125 0.03828125 0.0671875
2 0.93046875 0.47578125 0.08671875 0.053125
2 0.946875 0.43515625 0.0578125 0.0578125
2 0.896875 0.44453125 0.0625 0.053125
2 0.834375 0.42578125 0.0578125 0.0484375
2 0.7453125 0.43984375 0.0671875 0.053125
2 0.6734375 0.4515625 0.0484375 0.0625
2 0.615625 0.46640625 0.0484375 0.09609375
2 0.571875 0.42890625 0.09140625 0.1078125
2 0.53359375 0.47109375 0.0578125 0.0625
2 0.5 0.50234375 0.053125 0.053125
2 0.4421875 0.46875 0.08671875 0.0671875
2 0.39765625 0.43515625 0.103125 0.0578125
2 0.47109375 0.40625 0.0578125 0.0484375
2 0.39921875 0.40859375 0.08671875 0.03359375
2 0.27890625 0.41796875 0.071875 0.0625
2 0.2140625 0.43046875 0.0578125 0.03359375
2 0.2359375 0.3859375 0.0484375 0.05078125
2 0.20078125 0.38671875 0.03125 0.0484375
2 0.1546875 0.42578125 0.040625 0.0625
2 0.0609375 0.43515625 0.11328125 0.0671875
2 0.1140625 0.3796875 0.103125 0.053125
2 0.053125 0.36328125 0.09140625 0.10078125
2 0.05546875 0.2953125 0.09609375 0.09609375
2 0.14453125 0.33203125 0.071875 0.071875
2 0.23828125 0.321875 0.08203125 0.08203125
2 0.32421875 0.3125 0.15390625 0.0625
2 0.41328125 0.34375 0.08203125 0.053125
2 0.365625 0.36171875 0.0625 0.05078125
2 0.43046875 0.31015625 0.0765625 0.0625
2 0.490625 0.34375 0.071875 0.0625
2 0.47578125 0.396875 0.0625 0.0671875
2 0.53125 0.33203125 0.0625 0.071875
2 0.57421875 0.3609375 0.09609375 0.03828125
2 0.584375 0.32421875 0.071875 0.03828125
2 0.6203125 0.3140625 0.071875 0.06953125
2 0.64921875 0.3734375 0.053125 0.05078125
2 0.72109375 0.37734375 0.09140625 0.071875
2 0.72109375 0.3171875 0.09140625 0.08671875
2 0.7859375 0.3390625 0.0671875 0.08203125
2 0.81953125 0.3609375 0.09140625 0.0671875
2 0.89921875 0.3421875 0.08671875 0.0890625
2 0.96875 0.33203125 0.053125 0.10078125
2 0.91796875 0.23828125 0.125 0.10546875
2 0.95390625 0.25859375 0.0921875 0.0859375
2 0.775 0.228125 0.1078125 0.09140625
2 0.75 0.25 0.0671875 0.0671875
2 0.80078125 0.27421875 0.0625 0.0484375
2 0.48046875 0.27265625 0.053125 0.05078125
2 0.5578125 0.24296875 0.08203125 0.10546875
2 0.6046875 0.2484375 0.03125 0.03125
2 0.63203125 0.24765625 0.0484375 0.03828125
2 0.62734375 0.209375 0.0578125 0.0484375
2 0.69453125 0.18515625 0.0671875 0.0671875
2 0.6421875 0.16796875 0.0671875 0.0578125
2 0.6109375 0.12734375 0.0671875 0.053125
2 0.59140625 0.1109375 0.0765625 0.071875
2 0.56484375 0.08671875 0.0578125 0.0671875
2 0.51171875 0.15625 0.0625 0.0578125
2 0.540625 0.17578125 0.071875 0.053125
2 0.47578125 0.115625 0.071875 0.0671875
2 0.4328125 0.15390625 0.0625 0.0625
2 0.4484375 0.196875 0.03125 0.03828125
2 0.46640625 0.18515625 0.0765625 0.0578125
2 0.4390625 0.225 0.103125 0.06953125
2 0.40859375 0.1734375 0.0625 0.0671875
2 0.3609375 0.2328125 0.053125 0.04296875
2 0.3265625 0.24765625 0.0765625 0.0625
2 0.34375 0.2078125 0.0578125 0.05078125
2 0.3296875 0.19453125 0.071875 0.0578125
2 0.2453125 0.25859375 0.08671875 0.05078125
2 0.26171875 0.2140625 0.0765625 0.0625
2 0.18046875 0.2328125 0.08203125 0.0671875
2 0.12265625 0.275 0.1296875 0.06953125
2 0.09375 0.22578125 0.071875 0.0578125
2 0.03828125 0.271875 0.0671875 0.08671875
2 0.0609375 0.2046875 0.11328125 0.0671875
2 0.1390625 0.18515625 0.09140625 0.053125
2 0.19609375 0.165625 0.103125 0.08203125
2 0.25859375 0.1703125 0.103125 0.0625
2 0.25703125 0.12109375 0.09140625 0.06953125
2 0.34140625 0.134375 0.071875 0.04296875
2 0.39921875 0.1203125 0.0765625 0.0484375
2 0.4109375 0.07421875 0.0671875 0.053125
2 0.321875 0.0765625 0.0578125 0.0578125
2 0.2359375 0.03125 0.09609375 0.0625
2 0.14453125 0.021875 0.08203125 0.04296875
2 0.15625 0.06953125 0.0625 0.0625
2 0.12890625 0.1109375 0.103125 0.0578125
2 0.05546875 0.1515625 0.09609375 0.09140625
2 0.0625 0.0765625 0.09140625 0.08203125
2 0.04921875 0.0296875 0.0890625 0.05546875
2 0.34609375 0.03125 0.134375 0.0625
2 0.46015625 0.02890625 0.06484375 0.053125
2 0.50234375 0.0578125 0.08671875 0.0484375
2 0.51328125 0.0171875 0.05078125 0.02890625
2 0.60234375 0.03515625 0.11328125 0.06484375
2 0.77421875 0.09375 0.0625 0.08671875
2 0.7125 0.10546875 0.11328125 0.10078125
2 0.7703125 0.021875 0.1078125 0.04296875
2 0.6890625 0.0359375 0.0796875 0.0671875
2 0.84609375 0.06875 0.0625 0.05078125
2 0.8296875 0.1390625 0.053125 0.0625
2 0.9203125 0.0765625 0.0765625 0.0578125
2 0.96015625 0.14921875 0.07421875 0.10546875
2 0.88671875 0.16015625 0.08203125 0.0890625
2 0.978125 0.05546875 0.03828125 0.09140625
2 0.9703125 0.02734375 0.05546875 0.05078125
2 0.94375 0.0140625 0.06484375 0.02421875
2 0.5 0.5 0.9953125 0.9953125
