2 0.140625 0.34375 0.25703125 0.625
2 0.3125 0.4234375 0.20703125 0.571875
2 0.49765625 0.3609375 0.240625 0.6109375
2 0.50703125 0.6734375 0.21171875 0.1390625
2 0.6984375 0.41796875 0.2046875 0.58203125
2 0.865625 0.33203125 0.2546875 0.6296875
4 0.4953125 0.83203125 0.10546875 0.1828125
4 0.3140625 0.86328125 0.09375 0.15859375
4 0.146875 0.821875 0.1109375 0.1734375
4 0.50703125 0.915625 0.09140625 0.1296875
4 0.69921875 0.86328125 0.09140625 0.16796875
4 0.875 0.80078125 0.10546875 0.16328125
