2 0.5375 0.74765625 0.26171875 0.3171875
2 0.9171875 0.68515625 0.1609375 0.46171875
2 0.74765625 0.7046875 0.2015625 0.27421875
2 0.68046875 0.50859375 0.28828125 0.0984375
2 0.35234375 0.55546875 0.37734375 0.35078125
2 0.3390625 0.71015625 0.1203125 0.21875
4 0.52421875 0.56953125 0.240625 0.053125
4 0.38203125 0.56484375 0.20703125 0.0578125
4 0.35546875 0.359375 0.27421875 0.040625
4 0.6828125 0.43125 0.27421875 0.040625
4 0.7328125 0.52890625 0.20703125 0.0625
4 0.90859375 0.4171875 0.178125 0.0796875
