2 0.5375 0.6984375 0.56953125 0.209375
2 0.3453125 0.69140625 0.2671875 0.19921875
2 0.5359375 0.4859375 0.5625 0.1921875
2 0.53828125 0.2828125 0.5671875 0.2140625
2 0.321875 0.49375 0.21640625 0.19921875
2 0.32421875 0.69453125 0.21171875 0.1921875
2 0.32421875 0.28984375 0.22578125 0.19921875
0 0.2296875 0.709375 0.0359375 0.10546875
0 0.19921875 0.6921875 0.0484375 0.1109375
0 0.23828125 0.490625 0.053125 0.115625
0 0.19453125 0.48046875 0.03828125 0.10546875
0 0.23046875 0.2671875 0.03828125 0.115625
0 0.19375 0.27890625 0.0359375 0.10078125
