2 0.78125 0.45078125 0.40859375 0.8921875
2 0.4484375 0.4859375 0.2859375 0.65859375
2 0.26796875 0.4953125 0.12734375 0.4421875
2 0.1765625 0.48671875 0.12734375 0.31484375
2 0.125 0.49765625 0.1109375 0.23046875
2 0.0484375 0.49375 0.08671875 0.18046875
0 0.78828125 0.91796875 0.3703125 0.14453125
0 0.4515625 0.85078125 0.26953125 0.09140625
0 0.275 0.74765625 0.1078125 0.0625
0 0.1734375 0.68046875 0.1109375 0.053125
0 0.09609375 0.646875 0.0484375 0.0484375
0 0.03515625 0.60546875 0.06953125 0.0484375
