2 0.94140625 0.05078125 0.11328125 0.08671875
2 0.884375 0.1609375 0.1109375 0.115625
2 0.9546875 0.2046875 0.08671875 0.115625
2 0.73046875 0.0796875 0.14453125 0.14921875
2 0.64921875 0.0484375 0.0765625 0.08203125
2 0.58203125 0.16328125 0.14453125 0.1203125
2 0.4890625 0.54296875 0.12734375 0.2453125
2 0.69921875 0.74296875 0.10078125 0.1203125
2 0.8265625 0.7484375 0.1109375 0.0984375
2 0.9328125 0.65625 0.1296875 0.1734375
2 0.50703125 0.78828125 0.23046875 0.1734375
2 0.61328125 0.75859375 0.1203125 0.13671875
2 0.3734375 0.7328125 0.15625 0.1875
2 0.290625 0.69140625 0.14921875 0.2234375
2 0.178125 0.6109375 0.16796875 0.27890625
2 0.3796875 0.41796875 0.2640625 0.28828125
2 0.56953125 0.47265625 0.27421875 0.2234375
2 0.7328125 0.5359375 0.321875 0.23046875
2 0.8703125 0.3234375 0.2546875 0.21875
2 0.9234375 0.5 0.14453125 0.1921875
2 0.65390625 0.64921875 0.25 0.16796875
2 0.71640625 0.65625 0.22578125 0.1734375
2 0.5578125 0.43125 0.1828125 0.21875
2 0.66015625 0.22109375 0.24765625 0.2453125
2 0.875 0.2609375 0.2453125 0.30078125
2 0.4234375 0.2390625 0.2359375 0.2234375
2 0.240625 0.21640625 0.1875 0.2015625
2 0.1625 0.14921875 0.11328125 0.15390625
2 0.259375 0.053125 0.0671875 0.09140625
2 0.14453125 0.26171875 0.23046875 0.240625
2 0.171875 0.4171875 0.24765625 0.26171875
2 0.06015625 0.44921875 0.1203125 0.28359375
2 0.1578125 0.66953125 0.2765625 0.34375
