2 0.0890625 0.6421875 0.115625 0.1921875
2 0.109375 0.69921875 0.06484375 0.08671875
2 0.1515625 0.51171875 0.134375 0.08203125
2 0.1609375 0.428125 0.16796875 0.1734375
2 0.1296875 0.415625 0.0765625 0.0671875
2 0.1453125 0.3484375 0.05078125 0.071875
2 0.12265625 0.38203125 0.03828125 0.04296875
2 0.15625 0.27890625 0.0578125 0.04296875
2 0.1109375 0.29296875 0.0625 0.08203125
2 0.13671875 0.2328125 0.0625 0.125
2 0.103125 0.228125 0.02421875 0.0484375
2 0.1921875 0.1921875 0.14921875 0.1734375
2 0.24296875 0.2359375 0.0671875 0.0765625
2 0.21640625 0.303125 0.08203125 0.071875
2 0.26953125 0.3125 0.0578125 0.1109375
2 0.30546875 0.5375 0.2015625 0.2953125
2 0.25625 0.7328125 0.19921875 0.23046875
2 0.30859375 0.81484375 0.11328125 0.1296875
2 0.24765625 0.7765625 0.08203125 0.0765625
2 0.26171875 0.84375 0.02890625 0.0484375
2 0.18046875 0.8453125 0.0765625 0.06015625
2 0.19140625 0.7765625 0.0984375 0.15390625
2 0.18515625 0.5890625 0.0671875 0.115625
2 0.28125 0.5328125 0.09140625 0.13671875
2 0.3453125 0.54296875 0.06484375 0.125
2 0.3265625 0.4421875 0.0625 0.053125
2 0.3390625 0.37265625 0.02890625 0.03359375
2 0.290625 0.36796875 0.03828125 0.0671875
2 0.2859375 0.24296875 0.0625 0.071875
2 0.3375 0.23828125 0.021875 0.03828125
2 0.3125 0.2234375 0.03359375 0.053125
2 0.353125 0.20078125 0.1296875 0.06015625
2 0.3765625 0.271875 0.05078125 0.0484375
2 0.36328125 0.25703125 0.0625 0.0671875
2 0.375 0.321875 0.071875 0.08671875
2 0.4328125 0.28828125 0.0625 0.071875
2 0.43515625 0.1875 0.10546875 0.1109375
2 0.40390625 0.7984375 0.08203125 0.15390625
2 0.41953125 0.69453125 0.084375 0.053125
2 0.446875 0.66015625 0.1109375 0.06015625
2 0.4265625 0.6 0.084375 0.103125
2 0.77890625 0.3859375 0.196875 0.37734375
2 0.68984375 0.38125 0.0671875 0.103125
2 0.85078125 0.28359375 0.1109375 0.20703125
2 0.790625 0.16796875 0.0578125 0.08203125
2 0.8296875 0.2046875 0.08203125 0.125
2 0.8125 0.3078125 0.08203125 0.1203125
2 0.76953125 0.1921875 0.02421875 0.08671875
2 0.703125 0.178125 0.084375 0.08203125
2 0.63671875 0.2046875 0.071875 0.08203125
2 0.6703125 0.25703125 0.053125 0.08671875
2 0.60546875 0.28515625 0.0671875 0.0984375
2 0.6359375 0.321875 0.0359375 0.0765625
2 0.60078125 0.34140625 0.02890625 0.0484375
2 0.5671875 0.37265625 0.08671875 0.0671875
2 0.4953125 0.31953125 0.14453125 0.14921875
2 0.51171875 0.24765625 0.20703125 0.25
2 0.46171875 0.4546875 0.08203125 0.1109375
2 0.40390625 0.4421875 0.04296875 0.1296875
2 0.11796875 0.77890625 0.03828125 0.071875
2 0.4828125 0.81953125 0.0671875 0.08671875
2 0.515625 0.8078125 0.0984375 0.071875
2 0.5265625 0.73046875 0.053125 0.071875
2 0.4796875 0.72109375 0.05078125 0.1203125
2 0.521875 0.5796875 0.08671875 0.23046875
2 0.5609375 0.603125 0.05078125 0.115625
2 0.47109375 0.603125 0.02421875 0.0484375
2 0.45703125 0.54453125 0.0484375 0.06015625
2 0.41953125 0.540625 0.0359375 0.0671875
2 0.59140625 0.5359375 0.03359375 0.053125
2 0.5453125 0.4546875 0.09609375 0.1203125
2 0.6390625 0.47578125 0.09609375 0.08671875
2 0.65859375 0.5578125 0.1390625 0.16328125
2 0.6046875 0.64453125 0.0359375 0.08671875
2 0.68515625 0.5765625 0.09609375 0.071875
2 0.74140625 0.5484375 0.0984375 0.1109375
2 0.7671875 0.62265625 0.03828125 0.03359375
2 0.7984375 0.65390625 0.1109375 0.09140625
2 0.834375 0.63671875 0.10078125 0.08203125
2 0.89453125 0.55546875 0.08203125 0.16796875
2 0.834375 0.40234375 0.053125 0.103125
2 0.68046875 0.81015625 0.04296875 0.1296875
2 0.6421875 0.79296875 0.0765625 0.1109375
2 0.5921875 0.83203125 0.0359375 0.0765625
2 0.57421875 0.7671875 0.0140625 0.03359375
2 0.6078125 0.7234375 0.08203125 0.09140625
2 0.665625 0.67578125 0.04296875 0.0484375
2 0.69609375 0.75703125 0.0984375 0.1921875
2 0.7296875 0.75859375 0.11328125 0.18046875
2 0.8296875 0.740625 0.071875 0.15859375
2 0.84609375 0.7359375 0.134375 0.115625
2 0.88671875 0.796875 0.0765625 0.06015625
