2 0.55546875 0.19921875 0.2359375 0.09140625
2 0.5578125 0.32421875 0.240625 0.09140625
2 0.5578125 0.4515625 0.240625 0.09140625
2 0.5578125 0.58203125 0.23046875 0.09140625
2 0.55546875 0.70703125 0.2359375 0.09140625
2 0.56015625 0.83671875 0.2359375 0.09140625
4 0.3484375 0.19921875 0.178125 0.0765625
4 0.3484375 0.321875 0.16796875 0.071875
4 0.3484375 0.4515625 0.16796875 0.0765625
4 0.34609375 0.58203125 0.1828125 0.0765625
4 0.35078125 0.70703125 0.1734375 0.0765625
4 0.35546875 0.834375 0.178125 0.071875
