2 0.08671875 0.8265625 0.1390625 0.3265625
2 0.290625 0.8265625 0.1390625 0.3171875
2 0.50234375 0.8296875 0.14453125 0.3125
2 0.71171875 0.82421875 0.14453125 0.321875
2 0.9203125 0.8296875 0.14453125 0.321875
2 0.08203125 0.26953125 0.1390625 0.3125
2 0.290625 0.271875 0.1390625 0.3265625
2 0.50234375 0.26953125 0.14453125 0.3125
2 0.71640625 0.271875 0.14453125 0.3171875
2 0.9203125 0.2671875 0.134375 0.3078125
0 0.084375 0.6109375 0.134375 0.10078125
0 0.28828125 0.6203125 0.14453125 0.09140625
0 0.50703125 0.6203125 0.14453125 0.09140625
0 0.709375 0.615625 0.1390625 0.09140625
0 0.91328125 0.61796875 0.1390625 0.09609375
0 0.9203125 0.0578125 0.134375 0.09609375
0 0.71640625 0.0578125 0.134375 0.09609375
0 0.5046875 0.053125 0.1390625 0.08671875
0 0.29296875 0.0578125 0.14453125 0.09609375
0 0.084375 0.06484375 0.14453125 0.09140625
