2 0.7828125 0.0921875 0.396875 0.1515625
2 0.2921875 0.0875 0.396875 0.1515625
2 0.2921875 0.25625 0.396875 0.1515625
2 0.290625 0.4265625 0.3890625 0.1515625
2 0.2859375 0.59375 0.384375 0.15859375
2 0.28359375 0.75859375 0.40390625 0.15625
2 0.28359375 0.9203125 0.40390625 0.14921875
2 0.78125 0.75703125 0.40390625 0.14453125
2 0.78984375 0.59140625 0.396875 0.14921875
2 0.78125 0.4265625 0.40390625 0.1515625
2 0.7859375 0.25625 0.3890625 0.1515625
2 0.78125 0.9203125 0.3890625 0.14921875
0 0.553125 0.09140625 0.0765625 0.134375
0 0.0625 0.08671875 0.0765625 0.134375
0 0.5484375 0.25703125 0.0765625 0.134375
0 0.0609375 0.25625 0.06953125 0.13203125
0 0.05078125 0.4265625 0.0765625 0.13203125
0 0.5484375 0.428125 0.0765625 0.1296875
0 0.54453125 0.59609375 0.06953125 0.134375
0 0.05078125 0.59609375 0.0765625 0.1296875
0 0.05078125 0.75859375 0.0625 0.13671875
0 0.54453125 0.75859375 0.06953125 0.13203125
0 0.0453125 0.92421875 0.0765625 0.13671875
0 0.5484375 0.921875 0.0765625 0.13203125
