2 0.4703125 0.77734375 0.46875 0.146875
2 0.453125 0.62265625 0.40625 0.134375
2 0.41015625 0.490625 0.31953125 0.1109375
2 0.41328125 0.37734375 0.3125 0.10546875
2 0.39453125 0.26953125 0.28828125 0.10078125
2 0.375 0.171875 0.2359375 0.0890625
0 0.73203125 0.7765625 0.05546875 0.1203125
0 0.6765625 0.62265625 0.06953125 0.115625
0 0.60703125 0.49140625 0.05546875 0.0890625
0 0.58984375 0.37734375 0.05546875 0.071875
0 0.56953125 0.271875 0.0484375 0.0765625
0 0.5203125 0.1734375 0.05546875 0.071875
