2 0.3234375 0.828125 0.32421875 0.2765625
2 0.80546875 0.83515625 0.3125 0.2765625
2 0.79921875 0.5 0.32421875 0.27890625
2 0.31953125 0.49296875 0.3125 0.27890625
2 0.31484375 0.1625 0.3078125 0.271875
2 0.796875 0.165625 0.3296875 0.27421875
0 0.5984375 0.8296875 0.1390625 0.2984375
0 0.1109375 0.82421875 0.134375 0.28828125
0 0.11328125 0.48828125 0.1390625 0.2984375
0 0.10546875 0.15625 0.1296875 0.303125
0 0.5890625 0.16328125 0.1296875 0.28828125
0 0.59765625 0.49296875 0.1421875 0.29296875
