2 0.2328125 0.30546875 0.34609375 0.16328125
2 0.5515625 0.2046875 0.73828125 0.3171875
2 0.22578125 0.49375 0.321875 0.13671875
2 0.48671875 0.4890625 0.5984375 0.25234375
2 0.1828125 0.65859375 0.2359375 0.115625
2 0.4328125 0.70703125 0.52421875 0.196875
2 0.178125 0.80078125 0.22578125 0.09609375
2 0.3734375 0.88203125 0.353125 0.16328125
0 0.4375 0.303125 0.10078125 0.16796875
0 0.9484375 0.2015625 0.07421875 0.1875
0 0.81953125 0.490625 0.0625 0.1734375
0 0.4171875 0.4984375 0.07421875 0.13671875
0 0.72265625 0.71171875 0.07421875 0.15390625
0 0.3375 0.6609375 0.07421875 0.115625
0 0.32578125 0.80546875 0.07421875 0.09609375
0 0.58515625 0.884375 0.06953125 0.134375
