2 0.9265625 0.0265625 0.13671875 0.04296875
2 0.8375 0.04296875 0.1421875 0.0765625
2 0.96484375 0.0890625 0.06015625 0.09609375
2 0.82578125 0.1828125 0.21875 0.125
2 0.790625 0.06484375 0.15859375 0.1203125
2 0.7140625 0.046875 0.071875 0.084375
2 0.959375 0.1078125 0.071875 0.1203125
2 0.959375 0.2328125 0.071875 0.115625
2 0.93515625 0.33046875 0.1203125 0.15625
2 0.87265625 0.26796875 0.125 0.1421875
2 0.93984375 0.446875 0.1109375 0.10546875
2 0.9015625 0.4953125 0.16328125 0.125
2 0.9734375 0.5296875 0.04296875 0.084375
2 0.89921875 0.5671875 0.115625 0.09609375
2 0.9375 0.64921875 0.115625 0.134375
2 0.91796875 0.75859375 0.15390625 0.12734375
2 0.8234375 0.63828125 0.18046875 0.15625
2 0.74296875 0.57421875 0.1203125 0.1390625
2 0.803125 0.50859375 0.1109375 0.084375
2 0.771875 0.771875 0.1296875 0.125
2 0.6828125 0.72734375 0.16328125 0.15625
2 0.58203125 0.7671875 0.08203125 0.134375
2 0.59375 0.68515625 0.08203125 0.0671875
2 0.775 0.94375 0.18515625 0.1078125
2 0.88828125 0.96015625 0.19453125 0.07421875
2 0.9328125 0.90625 0.125 0.1390625
2 0.859375 0.85 0.1421875 0.11328125
2 0.73046875 0.83984375 0.15859375 0.103125
2 0.56953125 0.8578125 0.240625 0.10078125
2 0.62109375 0.9328125 0.13671875 0.1109375
2 0.571875 0.95703125 0.22578125 0.08203125
2 0.78125 0.41328125 0.1875 0.134375
2 0.73046875 0.30078125 0.14921875 0.10546875
2 0.759375 0.26796875 0.16328125 0.084375
2 0.65390625 0.178125 0.125 0.09140625
2 0.64296875 0.0890625 0.18046875 0.115625
2 0.56875 0.05390625 0.21875 0.0984375
2 0.45703125 0.1109375 0.2015625 0.14453125
2 0.28828125 0.06484375 0.21171875 0.125
2 0.1828125 0.0265625 0.115625 0.04296875
2 0.4421875 0.02421875 0.1203125 0.03828125
2 0.546875 0.20703125 0.1421875 0.1109375
2 0.6 0.26171875 0.13671875 0.08203125
2 0.6109375 0.3484375 0.1921875 0.134375
2 0.4734375 0.3546875 0.125 0.11328125
2 0.37734375 0.3546875 0.15390625 0.084375
2 0.3703125 0.28125 0.15859375 0.134375
2 0.50703125 0.2453125 0.14921875 0.08671875
2 0.3296875 0.20703125 0.1734375 0.14453125
2 0.28828125 0.1421875 0.21171875 0.125
2 0.15 0.14765625 0.13671875 0.12734375
2 0.1234375 0.0828125 0.103125 0.11328125
2 0.225 0.21640625 0.44921875 0.428125
2 0.58515625 0.54296875 0.21875 0.1203125
2 0.63203125 0.46015625 0.2359375 0.0984375
2 0.415625 0.540625 0.1296875 0.0625
2 0.4203125 0.46875 0.1109375 0.08203125
2 0.571875 0.65859375 0.27890625 0.1828125
2 0.43984375 0.7875 0.21171875 0.11328125
2 0.34609375 0.69609375 0.6921875 0.603125
2 0.4984375 0.49921875 0.996875 0.9953125
