2 0.66015625 0.1921875 0.084375 0.27421875
2 0.578125 0.24375 0.1515625 0.1515625
2 0.521875 0.3109375 0.053125 0.1421875
2 0.56953125 0.271875 0.071875 0.178125
2 0.4234375 0.34140625 0.22109375 0.1828125
2 0.3140625 0.571875 0.146875 0.34140625
2 0.27890625 0.87734375 0.0578125 0.1828125
2 0.290625 0.78125 0.0765625 0.16328125
2 0.35546875 0.890625 0.08203125 0.209375
2 0.3859375 0.68046875 0.084375 0.25
2 0.4171875 0.60703125 0.09375 0.19921875
2 0.46015625 0.4859375 0.084375 0.29296875
2 0.50859375 0.68359375 0.084375 0.146875
2 0.52890625 0.5921875 0.071875 0.1515625
2 0.55078125 0.4515625 0.10078125 0.16328125
2 0.63671875 0.4484375 0.15859375 0.25703125
2 0.6921875 0.4234375 0.1203125 0.22109375
2 0.63671875 0.6671875 0.10546875 0.25703125
2 0.740625 0.6546875 0.1390625 0.2765625
2 0.6734375 0.75234375 0.1390625 0.178125
2 0.5765625 0.728125 0.0671875 0.25
2 0.509375 0.74296875 0.0671875 0.27421875
2 0.4375 0.87265625 0.03828125 0.15859375
2 0.4546875 0.7796875 0.04296875 0.209375
2 0.49140625 0.91953125 0.19921875 0.1515625
2 0.59765625 0.9125 0.15625 0.1703125
2 0.62734375 0.8390625 0.04296875 0.0671875
