2 0.8125 0.64921875 0.33671875 0.6390625
2 0.178125 0.22109375 0.196875 0.4421875
2 0.134375 0.80625 0.1828125 0.37734375
2 0.2984375 0.66796875 0.26953125 0.47109375
2 0.28359375 0.790625 0.15859375 0.40859375
2 0.41796875 0.73046875 0.21171875 0.509375
2 0.490625 0.62109375 0.25 0.4203125
2 0.603125 0.66796875 0.196875 0.48046875
2 0.68515625 0.26796875 0.259375 0.5359375
2 0.56953125 0.228125 0.27421875 0.4515625
2 0.490625 0.3296875 0.2640625 0.5578125
2 0.37890625 0.2703125 0.2328125 0.49765625
2 0.24296875 0.328125 0.2359375 0.459375
