2 0.62265625 0.84140625 0.053125 0.04296875
2 0.334375 0.7984375 0.071875 0.03828125
2 0.1921875 0.771875 0.071875 0.03828125
2 0.85078125 0.66953125 0.0671875 0.03125
2 0.84609375 0.5671875 0.0484375 0.03828125
2 0.93515625 0.53125 0.0625 0.0671875
2 0.95703125 0.43515625 0.053125 0.053125
2 0.915625 0.4703125 0.071875 0.03125
2 0.90859375 0.4328125 0.03828125 0.053125
2 0.90625 0.38671875 0.053125 0.04296875
2 0.86328125 0.38671875 0.053125 0.053125
2 0.8390625 0.3453125 0.0484375 0.021875
2 0.8296875 0.3265625 0.0671875 0.0671875
2 0.75234375 0.28125 0.08203125 0.053125
2 0.76953125 0.24296875 0.071875 0.0765625
2 0.78828125 0.22578125 0.04296875 0.03828125
2 0.74296875 0.19921875 0.053125 0.0578125
2 0.72578125 0.228125 0.0625 0.03828125
2 0.7234375 0.15625 0.0671875 0.053125
2 0.66796875 0.18984375 0.08203125 0.0578125
2 0.625 0.2359375 0.10078125 0.08203125
2 0.59140625 0.21171875 0.0625 0.0484375
2 0.55078125 0.21171875 0.0671875 0.0765625
2 0.49296875 0.20703125 0.0671875 0.0671875
2 0.45703125 0.15859375 0.03828125 0.0484375
2 0.46171875 0.115625 0.0484375 0.04296875
2 0.40859375 0.1703125 0.0625 0.0671875
2 0.36796875 0.2046875 0.0671875 0.08203125
2 0.33203125 0.1421875 0.0671875 0.053125
2 0.3078125 0.1734375 0.0625 0.071875
2 0.30546875 0.228125 0.0671875 0.0484375
2 0.24765625 0.21640625 0.0578125 0.0671875
2 0.21640625 0.2359375 0.0671875 0.0625
2 0.1734375 0.259375 0.04296875 0.0578125
2 0.15859375 0.2671875 0.0671875 0.04296875
2 0.0453125 0.31484375 0.0625 0.0484375
2 0.0265625 0.3578125 0.04296875 0.03828125
2 0.0625 0.36328125 0.0625 0.0671875
2 0.1078125 0.34609375 0.071875 0.071875
2 0.040625 0.415625 0.071875 0.0578125
2 0.040625 0.475 0.04296875 0.03125
2 0.03359375 0.56015625 0.0578125 0.08203125
2 0.02890625 0.63671875 0.0484375 0.053125
2 0.06953125 0.6578125 0.0671875 0.0359375
2 0.5984375 0.79296875 0.0578125 0.0578125
2 0.32421875 0.68046875 0.40859375 0.196875
2 0.15625 0.52890625 0.196875 0.28359375
2 0.196875 0.390625 0.240625 0.1421875
2 0.3015625 0.32578125 0.2671875 0.1421875
2 0.453125 0.34375 0.31953125 0.23046875
2 0.4375 0.52265625 0.15390625 0.37734375
2 0.30546875 0.51171875 0.1109375 0.28359375
2 0.56015625 0.4984375 0.115625 0.50703125
2 0.66796875 0.48046875 0.125 0.428125
2 0.7546875 0.43984375 0.10078125 0.29296875
2 0.76796875 0.4265625 0.19921875 0.1421875
2 0.69921875 0.4734375 0.2359375 0.1109375
2 0.68359375 0.58203125 0.146875 0.1390625
