2 0.1421875 0.7140625 0.1921875 0.3796875
2 0.1078125 0.24765625 0.1390625 0.259375
2 0.28125 0.24765625 0.1390625 0.259375
2 0.4625 0.27421875 0.12734375 0.20703125
2 0.63671875 0.2765625 0.1203125 0.21171875
2 0.7859375 0.3375 0.115625 0.0796875
2 0.9390625 0.33515625 0.11796875 0.0890625
2 0.65390625 0.75390625 0.14453125 0.290625
2 0.40625 0.71171875 0.1921875 0.375
2 0.88203125 0.75234375 0.14453125 0.2984375
0 0.1421875 0.4953125 0.1390625 0.0484375
0 0.10546875 0.084375 0.134375 0.053125
0 0.27890625 0.09375 0.1390625 0.0671875
0 0.46171875 0.1421875 0.134375 0.0578125
0 0.63203125 0.14453125 0.134375 0.053125
0 0.7859375 0.25703125 0.1296875 0.09140625
0 0.93515625 0.25703125 0.125 0.09140625
0 0.88203125 0.571875 0.134375 0.053125
0 0.6515625 0.5765625 0.1296875 0.053125
0 0.40859375 0.4953125 0.1390625 0.0484375
