2 0.59609375 0.36171875 0.134375 0.084375
2 0.53515625 0.31953125 0.0890625 0.08203125
2 0.4515625 0.35078125 0.0765625 0.053125
2 0.40390625 0.3296875 0.0671875 0.08203125
2 0.3296875 0.3609375 0.08203125 0.08203125
2 0.30078125 0.4546875 0.0578125 0.08203125
2 0.35546875 0.44140625 0.125 0.1421875
2 0.44453125 0.415625 0.10546875 0.0578125
2 0.509375 0.509375 0.1296875 0.1203125
2 0.56953125 0.42890625 0.125 0.09375
2 0.61640625 0.459375 0.09375 0.10546875
2 0.64453125 0.50390625 0.071875 0.1421875
2 0.63828125 0.58671875 0.09375 0.08203125
2 0.6109375 0.6609375 0.09609375 0.0671875
2 0.56015625 0.60234375 0.09609375 0.09375
2 0.55859375 0.67421875 0.084375 0.09375
2 0.4953125 0.696875 0.0765625 0.1109375
2 0.48671875 0.6203125 0.146875 0.1109375
2 0.43984375 0.7140625 0.071875 0.10078125
2 0.3609375 0.66796875 0.125 0.071875
2 0.334375 0.5828125 0.16796875 0.0890625
2 0.375 0.55546875 0.08203125 0.115625
2 0.2921875 0.509375 0.09375 0.0765625
