2 0.10078125 0.540625 0.16328125 0.90859375
2 0.25703125 0.59609375 0.14921875 0.7984375
2 0.40625 0.5765625 0.16796875 0.83671875
2 0.5609375 0.5671875 0.15625 0.85546875
2 0.7234375 0.56953125 0.15859375 0.85078125
2 0.8921875 0.51953125 0.1875 0.9515625
0 0.103125 0.078125 0.071875 0.0265625
0 0.25703125 0.18984375 0.071875 0.0140625
0 0.40859375 0.140625 0.0625 0.0265625
0 0.5640625 0.1203125 0.07421875 0.03828125
0 0.7234375 0.12109375 0.0765625 0.0265625
0 0.89453125 0.025 0.0765625 0.0265625
