2 0.16328125 0.6296875 0.125 0.4421875
2 0.3171875 0.8125 0.1390625 0.2640625
2 0.2875 0.7078125 0.13203125 0.3921875
2 0.37890625 0.36875 0.19453125 0.396875
2 0.44375 0.68984375 0.165625 0.446875
2 0.5765625 0.7609375 0.1203125 0.38671875
2 0.66953125 0.66328125 0.146875 0.509375
2 0.5484375 0.4515625 0.1296875 0.22109375
2 0.6828125 0.296875 0.1828125 0.38671875
2 0.821875 0.5375 0.1734375 0.5265625
2 0.890625 0.8578125 0.2140625 0.1828125
0 0.1671875 0.35703125 0.1078125 0.103125
0 0.2875 0.44609375 0.1078125 0.1078125
0 0.321875 0.61640625 0.1109375 0.1078125
0 0.44375 0.41015625 0.1078125 0.1078125
0 0.3796875 0.11875 0.10078125 0.103125
0 0.5375 0.28984375 0.1078125 0.103125
0 0.6609375 0.3421875 0.115625 0.1078125
0 0.7140625 0.05078125 0.10546875 0.09609375
0 0.8296875 0.21484375 0.1109375 0.0984375
0 0.7484375 0.87265625 0.0890625 0.134375
