2 0.053125 0.03125 0.09140625 0.053125
2 0.1875 0.0796875 0.0671875 0.0484375
2 0.071875 0.10234375 0.1296875 0.1078125
2 0.09140625 0.20078125 0.16796875 0.1703125
2 0.05390625 0.39296875 0.0984375 0.15625
2 0.08203125 0.2953125 0.15390625 0.08203125
2 0.0671875 0.5484375 0.1203125 0.15859375
2 0.115625 0.46171875 0.16328125 0.09609375
2 0.20546875 0.36796875 0.18046875 0.134375
2 0.2671875 0.209375 0.15859375 0.16328125
2 0.2984375 0.05859375 0.125 0.1078125
2 0.3703125 0.13671875 0.09140625 0.08203125
2 0.4203125 0.0515625 0.16328125 0.09375
2 0.546875 0.04453125 0.1421875 0.0796875
2 0.5984375 0.1828125 0.125 0.14453125
2 0.8609375 0.0625 0.16796875 0.115625
2 0.80625 0.1703125 0.18046875 0.10078125
2 0.915625 0.2328125 0.15859375 0.10078125
2 0.86328125 0.27421875 0.196875 0.1109375
2 0.5328125 0.28359375 0.18046875 0.10078125
2 0.44921875 0.23203125 0.0765625 0.09375
2 0.37265625 0.2140625 0.1109375 0.115625
2 0.39765625 0.321875 0.103125 0.0671875
2 0.33671875 0.40390625 0.125 0.1203125
2 0.36796875 0.490625 0.1203125 0.09609375
2 0.19453125 0.521875 0.2359375 0.10546875
2 0.32109375 0.60078125 0.18046875 0.10078125
2 0.228125 0.603125 0.071875 0.0625
2 0.0734375 0.65 0.13671875 0.09375
2 0.1703125 0.703125 0.1109375 0.05078125
2 0.25703125 0.70078125 0.1203125 0.05546875
2 0.228125 0.8296875 0.321875 0.1921875
2 0.61875 0.9703125 0.165625 0.05546875
2 0.740625 0.80625 0.4421875 0.25703125
2 0.93046875 0.63125 0.134375 0.18984375
2 0.93046875 0.49765625 0.134375 0.071875
2 0.9578125 0.93359375 0.0796875 0.07421875
2 0.82109375 0.9734375 0.0796875 0.0484375
2 0.3796875 0.96015625 0.1390625 0.07421875
2 0.4546875 0.853125 0.15390625 0.178125
2 0.26796875 0.98828125 0.05546875 0.01953125
2 0.4640625 0.75 0.0671875 0.02890625
2 0.5359375 0.71875 0.053125 0.08203125
2 0.42890625 0.66796875 0.13671875 0.09140625
2 0.52421875 0.6046875 0.1296875 0.0796875
2 0.6203125 0.603125 0.14921875 0.1203125
2 0.62265625 0.490625 0.15390625 0.1296875
2 0.54296875 0.5 0.16796875 0.1390625
2 0.4703125 0.5359375 0.0984375 0.08203125
2 0.52421875 0.3640625 0.20703125 0.15625
2 0.78359375 0.365625 0.09140625 0.134375
2 0.8921875 0.353125 0.1203125 0.09609375
