2 0.49765625 0.49296875 0.2640625 0.9328125
2 0.353125 0.49296875 0.16796875 0.8125
2 0.24296875 0.4890625 0.14921875 0.728125
2 0.14921875 0.48828125 0.134375 0.634375
2 0.640625 0.49375 0.15625 0.80078125
2 0.7515625 0.4890625 0.1515625 0.728125
2 0.853125 0.49296875 0.10546875 0.634375
0 0.50234375 0.9703125 0.1203125 0.0359375
0 0.38828125 0.90859375 0.0890625 0.0140625
0 0.2765625 0.86796875 0.071875 0.009375
0 0.178125 0.8171875 0.0671875 0.0140625
0 0.61640625 0.90625 0.0984375 0.01953125
0 0.728125 0.865625 0.08203125 0.0140625
0 0.83671875 0.81953125 0.0625 0.0140625
