2 0.4953125 0.6890625 0.25 0.31484375
2 0.19140625 0.79921875 0.24296875 0.31953125
2 0.49375 0.365625 0.25703125 0.3078125
2 0.7921875 0.5171875 0.25703125 0.2359375
2 0.196875 0.5265625 0.2546875 0.22578125
2 0.19609375 0.2546875 0.25703125 0.303125
0 0.63828125 0.64453125 0.05078125 0.20703125
0 0.93984375 0.50703125 0.04296875 0.22109375
0 0.6421875 0.3921875 0.03359375 0.20703125
0 0.35234375 0.51953125 0.05078125 0.2015625
0 0.35 0.75703125 0.05078125 0.20703125
0 0.3421875 0.2859375 0.0453125 0.2015625
