2 0.415625 0.8765625 0.678125 0.17578125
2 0.46875 0.64765625 0.8078125 0.209375
2 0.5921875 0.86328125 0.165625 0.15390625
2 0.40625 0.7046875 0.6734375 0.178125
2 0.603125 0.74375 0.15390625 0.07421875
2 0.41953125 0.509375 0.68984375 0.16796875
2 0.59140625 0.521875 0.15390625 0.14453125
2 0.47109375 0.34375 0.821875 0.2015625
2 0.67890625 0.33046875 0.1703125 0.18515625
2 0.63125 0.3546875 0.07421875 0.13671875
2 0.43359375 0.140625 0.69453125 0.19921875
2 0.390625 0.2234375 0.5984375 0.125
