2 0.2640625 0.8390625 0.2453125 0.1296875
2 0.23046875 0.69921875 0.23046875 0.115625
2 0.3328125 0.634375 0.38203125 0.10078125
2 0.28828125 0.53828125 0.34140625 0.15859375
2 0.37734375 0.4328125 0.48046875 0.178125
2 0.26953125 0.36328125 0.3078125 0.1390625
2 0.25625 0.18046875 0.271875 0.1390625
2 0.290625 0.27265625 0.2984375 0.09375
4 0.49296875 0.834375 0.240625 0.1109375
4 0.43046875 0.70703125 0.1734375 0.09609375
4 0.6109375 0.65234375 0.1828125 0.09375
4 0.54296875 0.540625 0.178125 0.10078125
4 0.7046875 0.42890625 0.1828125 0.09375
4 0.5046875 0.365625 0.1828125 0.09609375
4 0.55546875 0.25703125 0.240625 0.1109375
4 0.478125 0.1875 0.1828125 0.10546875
