2 0.2234375 0.25 0.15859375 0.240625
2 0.3796875 0.521875 0.1921875 0.2546875
2 0.49375 0.8109375 0.2046875 0.26171875
2 0.49375 0.56953125 0.0359375 0.21171875
2 0.60078125 0.5203125 0.1875 0.2671875
2 0.390625 0.1875 0.19921875 0.25
2 0.58671875 0.18046875 0.196875 0.27890625
2 0.7328125 0.26328125 0.10546875 0.25703125
0 0.23046875 0.39921875 0.16796875 0.10078125
0 0.38203125 0.678125 0.178125 0.0765625
0 0.5046875 0.7140625 0.1734375 0.0765625
0 0.4890625 0.9625 0.18984375 0.06953125
0 0.60078125 0.6734375 0.16796875 0.0765625
0 0.46875 0.4203125 0.1109375 0.0765625
0 0.58203125 0.33671875 0.1921875 0.10078125
0 0.37734375 0.35078125 0.196875 0.115625
0 0.7125 0.41328125 0.1421875 0.09609375
0 0.6359375 0.4828125 0.1515625 0.0765625
0 0.44921875 0.52421875 0.134375 0.071875
