2 0.86171875 0.2921875 0.2671875 0.19921875
2 0.8296875 0.48828125 0.2546875 0.1921875
2 0.77890625 0.68359375 0.25 0.19921875
2 0.69609375 0.796875 0.209375 0.0359375
2 0.4984375 0.6390625 0.25703125 0.1921875
2 0.5171875 0.43984375 0.27421875 0.196875
2 0.1890625 0.50703125 0.26171875 0.21171875
0 0.33515625 0.63671875 0.084375 0.1875
0 0.55390625 0.7296875 0.084375 0.1515625
0 0.6359375 0.68515625 0.0890625 0.178125
0 0.35 0.43984375 0.084375 0.196875
0 0.0296875 0.515625 0.05546875 0.18046875
0 0.66953125 0.49296875 0.09375 0.1921875
0 0.6875 0.2875 0.1109375 0.19921875
0 0.59609375 0.2953125 0.08203125 0.1109375
