2 0.30546875 0.6109375 0.35546875 0.1109375
2 0.32421875 0.47109375 0.35078125 0.1109375
2 0.34375 0.33203125 0.35546875 0.115625
2 0.57421875 0.75234375 0.0484375 0.0578125
2 0.61796875 0.75703125 0.03828125 0.03828125
2 0.6546875 0.76171875 0.03125 0.03828125
2 0.58671875 0.65625 0.0484375 0.04296875
2 0.63125 0.66484375 0.0359375 0.0359375
2 0.65859375 0.665625 0.02421875 0.01953125
2 0.60546875 0.56015625 0.0484375 0.03828125
2 0.63671875 0.58046875 0.03828125 0.0265625
2 0.66328125 0.5875 0.03828125 0.03125
2 0.66953125 0.4796875 0.0265625 0.03125
2 0.6421875 0.4625 0.03828125 0.03125
2 0.60234375 0.446875 0.0359375 0.04296875
2 0.61640625 0.34765625 0.0359375 0.03125
2 0.63828125 0.3765625 0.0359375 0.0359375
2 0.65625 0.40234375 0.0625 0.0359375
2 0.64921875 0.3140625 0.08203125 0.0359375
2 0.634375 0.2921875 0.0625 0.03125
2 0.61875 0.25625 0.03125 0.0359375
1 0.7546875 0.6734375 0.134375 0.2546875
1 0.77421875 0.415625 0.14453125 0.25
1 0.66328125 0.1421875 0.1203125 0.27421875
1 0.50703125 0.30078125 0.1921875 0.3125
1 0.47578125 0.646875 0.21171875 0.3265625
1 0.634375 0.509375 0.115625 0.071875
1 0.6421875 0.21171875 0.10078125 0.1203125
1 0.34375 0.2234375 0.14453125 0.10546875
1 0.33671875 0.40234375 0.134375 0.0359375
1 0.3265625 0.53984375 0.125 0.0359375
1 0.35234375 0.72578125 0.0359375 0.1296875
1 0.60703125 0.8921875 0.1515625 0.1828125
