2 0.3125 0.86640625 0.29296875 0.1421875
2 0.37265625 0.80625 0.28828125 0.103125
2 0.37265625 0.696875 0.27890625 0.1109375
2 0.321875 0.71484375 0.27890625 0.1078125
2 0.31015625 0.584375 0.2453125 0.1109375
2 0.3078125 0.46640625 0.25 0.10546875
2 0.2875 0.34140625 0.209375 0.1296875
2 0.28125 0.21640625 0.1875 0.10078125
2 0.26953125 0.103125 0.1734375 0.10546875
2 0.54296875 0.8703125 0.21171875 0.1109375
2 0.51953125 0.7328125 0.1109375 0.10546875
2 0.50234375 0.6265625 0.134375 0.09375
2 0.4703125 0.57578125 0.09375 0.084375
2 0.46875 0.4546875 0.10078125 0.09609375
2 0.50234375 0.5171875 0.134375 0.071875
2 0.4890625 0.4015625 0.1515625 0.08203125
2 0.4640625 0.34140625 0.1296875 0.1203125
2 0.45703125 0.22578125 0.1296875 0.1109375
2 0.52421875 0.28359375 0.08203125 0.0671875
2 0.459375 0.165625 0.21171875 0.08203125
