2 0.74765625 0.10546875 0.40859375 0.2015625
2 0.94921875 0.05078125 0.09140625 0.09140625
2 0.93984375 0.23046875 0.1109375 0.2015625
2 0.7296875 0.328125 0.4203125 0.2328125
2 0.9546875 0.46171875 0.08203125 0.1828125
2 0.94921875 0.69375 0.09140625 0.18515625
2 0.9515625 0.91328125 0.08671875 0.1734375
2 0.74140625 0.55546875 0.4203125 0.22109375
2 0.76171875 0.7921875 0.40859375 0.2234375
2 0.74296875 0.953125 0.41796875 0.0890625
2 0.45703125 0.04296875 0.35546875 0.08203125
2 0.16796875 0.09765625 0.33203125 0.18515625
2 0.46875 0.2015625 0.35546875 0.23046875
2 0.4796875 0.4328125 0.34375 0.22578125
2 0.48046875 0.66328125 0.3609375 0.22109375
2 0.48046875 0.8890625 0.35078125 0.21640625
2 0.1765625 0.7671875 0.3484375 0.23046875
2 0.1703125 0.5359375 0.33671875 0.22578125
2 0.165625 0.30546875 0.3265625 0.22578125
2 0.1765625 0.9375 0.3484375 0.1203125
