2 0.69921875 0.70546875 0.21640625 0.2046875
2 0.334375 0.709375 0.21640625 0.21171875
2 0.33515625 0.47109375 0.19921875 0.20703125
2 0.33046875 0.234375 0.209375 0.2046875
2 0.69609375 0.22734375 0.209375 0.2046875
2 0.69921875 0.4625 0.21640625 0.2046875
0 0.1921875 0.709375 0.1109375 0.1828125
0 0.553125 0.7015625 0.1109375 0.1734375
0 0.1890625 0.47109375 0.09375 0.1734375
0 0.54453125 0.4640625 0.09375 0.178125
0 0.178125 0.23046875 0.10546875 0.1828125
0 0.54921875 0.23046875 0.09375 0.178125
