2 0.69609375 0.678125 0.32421875 0.21640625
2 0.41796875 0.81484375 0.303125 0.15859375
2 0.33984375 0.70703125 0.32421875 0.08671875
2 0.52421875 0.60546875 0.240625 0.14453125
2 0.2953125 0.553125 0.1921875 0.1203125
2 0.46640625 0.47578125 0.15859375 0.1109375
2 0.73828125 0.48046875 0.240625 0.16796875
2 0.83046875 0.375 0.1421875 0.196875
2 0.66328125 0.27421875 0.1734375 0.22109375
2 0.5 0.1875 0.1296875 0.1390625
2 0.49140625 0.3296875 0.209375 0.1296875
2 0.35546875 0.22265625 0.125 0.0796875
2 0.2984375 0.3609375 0.15859375 0.1828125
