2 0.87109375 0.415625 0.11328125 0.08671875
2 0.9828125 0.41328125 0.02421875 0.02890625
2 0.975 0.37890625 0.021875 0.021875
2 0.91796875 0.228125 0.02421875 0.03828125
2 0.9828125 0.1515625 0.02421875 0.03828125
2 0.834375 0.196875 0.03828125 0.0671875
2 0.71484375 0.4015625 0.0984375 0.071875
2 0.48828125 0.51171875 0.1390625 0.09140625
2 0.51953125 0.4578125 0.01953125 0.0171875
2 0.24765625 0.46875 0.10078125 0.071875
2 0.31953125 0.47109375 0.053125 0.04296875
2 0.2703125 0.3484375 0.0359375 0.03828125
2 0.31640625 0.375 0.0359375 0.03828125
2 0.1671875 0.196875 0.0359375 0.04296875
2 0.1265625 0.1515625 0.11328125 0.0484375
2 0.18046875 0.1234375 0.01953125 0.0171875
2 0.209375 0.1515625 0.02421875 0.03828125
2 0.23828125 0.140625 0.01953125 0.06015625
2 0.334375 0.02890625 0.03359375 0.04296875
2 0.0625 0.571875 0.09609375 0.08203125
2 0.02890625 0.61328125 0.03359375 0.04296875
2 0.2984375 0.6109375 0.1109375 0.08203125
2 0.259375 0.571875 0.02421875 0.03828125
2 0.328125 0.5359375 0.05078125 0.04296875
2 0.72578125 0.54453125 0.01953125 0.0171875
2 0.7984375 0.615625 0.0578125 0.071875
2 0.8125 0.53828125 0.02421875 0.03828125
2 0.8125 0.5 0.02421875 0.02890625
2 0.84609375 0.4953125 0.02421875 0.03828125
2 0.87265625 0.55078125 0.0140625 0.02890625
2 0.9109375 0.55078125 0.053125 0.071875
2 0.915625 0.6234375 0.053125 0.05546875
2 0.71640625 0.5984375 0.02890625 0.02890625
2 0.7453125 0.59140625 0.02890625 0.03359375
2 0.65234375 0.6703125 0.0359375 0.0484375
2 0.72578125 0.7328125 0.02421875 0.0765625
2 0.74765625 0.77890625 0.01953125 0.02890625
2 0.77890625 0.7671875 0.0140625 0.03359375
2 0.8171875 0.77421875 0.009375 0.03828125
2 0.8375 0.8078125 0.0359375 0.02890625
2 0.85546875 0.75390625 0.01953125 0.021875
2 0.96171875 0.89921875 0.02890625 0.03828125
2 0.96875 0.821875 0.02890625 0.02890625
2 0.9515625 0.77890625 0.03828125 0.02890625
2 0.915625 0.77734375 0.0140625 0.021875
2 0.9203125 0.85546875 0.02890625 0.03828125
2 0.8890625 0.88828125 0.009375 0.0171875
2 0.87734375 0.91796875 0.02890625 0.03359375
2 0.2078125 0.83671875 0.06484375 0.08671875
2 0.25 0.8140625 0.02421875 0.021875
2 0.2203125 0.77734375 0.021875 0.021875
2 0.21875 0.7328125 0.04296875 0.04296875
2 0.265625 0.74765625 0.0359375 0.03828125
2 0.28125 0.7328125 0.02421875 0.03359375
2 0.2484375 0.69921875 0.05078125 0.03359375
2 0.240625 0.671875 0.02890625 0.021875
2 0.3453125 0.71171875 0.06484375 0.03359375
2 0.421875 0.8265625 0.0359375 0.053125
2 0.490625 0.83203125 0.0484375 0.0765625
2 0.42890625 0.7765625 0.021875 0.03359375
2 0.02734375 0.7015625 0.0546875 0.071875
2 0.03515625 0.83203125 0.06953125 0.0671875
2 0.0203125 0.896875 0.040625 0.0765625
2 0.05390625 0.89921875 0.0359375 0.0484375
2 0.11640625 0.81484375 0.0359375 0.04296875
2 0.12890625 0.8703125 0.0359375 0.04296875
2 0.1296875 0.93046875 0.03359375 0.04296875
2 0.15625 0.853125 0.02421875 0.053125
2 0.29921875 0.8171875 0.021875 0.0484375
2 0.29921875 0.8796875 0.021875 0.03359375
2 0.34609375 0.91328125 0.0578125 0.04296875
2 0.4078125 0.896875 0.021875 0.03359375
2 0.3796875 0.85 0.01953125 0.0171875
2 0.446875 0.90390625 0.0140625 0.0484375
2 0.47578125 0.9328125 0.01953125 0.02890625
2 0.509375 0.8890625 0.02890625 0.03828125
2 0.53828125 0.9265625 0.04296875 0.06015625
2 0.571875 0.89765625 0.0140625 0.021875
2 0.57421875 0.86328125 0.02890625 0.03359375
2 0.5984375 0.896875 0.01953125 0.04296875
2 0.603125 0.8171875 0.02890625 0.0484375
2 0.634375 0.8265625 0.02421875 0.04296875
2 0.65625 0.7984375 0.01953125 0.03359375
2 0.74296875 0.828125 0.08203125 0.06015625
2 0.7984375 0.8578125 0.03359375 0.053125
2 0.71640625 0.88671875 0.071875 0.0765625
2 0.73203125 0.96171875 0.06484375 0.053125
2 0.6046875 0.9734375 0.0359375 0.04296875
2 0.3859375 0.64453125 0.021875 0.009375
2 0.49765625 0.58046875 0.01953125 0.021875
2 0.50625 0.63125 0.021875 0.0171875
2 0.53359375 0.640625 0.01953125 0.021875
2 0.14453125 0.43046875 0.03359375 0.0484375
