0 0.8609375 0.49296875 0.2640625 0.259375
0 0.73828125 0.67578125 0.41328125 0.2359375
0 0.51953125 0.81484375 0.34609375 0.22109375
0 0.53984375 0.49296875 0.4015625 0.22109375
0 0.7453125 0.31015625 0.4515625 0.25
0 0.55546875 0.165625 0.41796875 0.22109375
0 0.375 0.353125 0.35078125 0.20703125
0 0.2234375 0.5 0.2984375 0.1828125
0 0.365625 0.64453125 0.33203125 0.196875
0 0.21875 0.76328125 0.27890625 0.1703125
0 0.31484375 0.91796875 0.21171875 0.15859375
0 0.140625 0.9640625 0.1421875 0.0671875
0 0.08046875 0.853125 0.1609375 0.16328125
0 0.0921875 0.63125 0.184375 0.165625
0 0.10546875 0.37265625 0.2109375 0.1703125
0 0.21640625 0.228125 0.28359375 0.1828125
0 0.3328125 0.08046875 0.2859375 0.15625
0 0.1453125 0.0296875 0.1703125 0.05546875
0 0.0984375 0.13359375 0.196875 0.1703125
