0 0.38671875 0.88671875 0.21640625 0.21171875
0 0.54453125 0.80546875 0.19921875 0.2015625
0 0.4375 0.6875 0.1734375 0.1875
0 0.5875 0.61640625 0.18515625 0.18515625
0 0.7078125 0.50234375 0.18515625 0.196875
0 0.68359375 0.2984375 0.18984375 0.2015625
0 0.55546875 0.390625 0.1390625 0.18046875
0 0.4828125 0.50234375 0.16796875 0.1734375
0 0.33046875 0.56640625 0.18984375 0.18046875
0 0.3171875 0.3921875 0.22578125 0.21640625
0 0.5375 0.2953125 0.19453125 0.196875
0 0.40625 0.30390625 0.134375 0.18515625
0 0.53515625 0.18515625 0.19921875 0.20703125
0 0.38359375 0.103125 0.2109375 0.20625
