0 0.6421875 0.7234375 0.1390625 0.10078125
0 0.6390625 0.78359375 0.134375 0.0625
0 0.6421875 0.8390625 0.1390625 0.1203125
0 0.553125 0.84140625 0.09609375 0.09609375
0 0.4953125 0.6703125 0.1390625 0.09609375
0 0.5 0.74296875 0.1296875 0.0625
0 0.4953125 0.78828125 0.1296875 0.0625
0 0.34609375 0.62109375 0.1390625 0.09375
0 0.35 0.6921875 0.13671875 0.0578125
0 0.35 0.74296875 0.12734375 0.053125
0 0.35078125 0.78125 0.134375 0.0578125
0 0.484375 0.39921875 0.1515625 0.1296875
0 0.5765625 0.375 0.1109375 0.09609375
0 0.6421875 0.23828125 0.1390625 0.1109375
0 0.6421875 0.3171875 0.1390625 0.0671875
0 0.49375 0.1703125 0.1421875 0.10078125
0 0.49765625 0.25 0.134375 0.071875
0 0.4953125 0.3125 0.1296875 0.053125
0 0.3484375 0.1046875 0.1390625 0.084375
0 0.35 0.18515625 0.146875 0.0765625
0 0.35078125 0.25703125 0.134375 0.0625
0 0.35234375 0.3171875 0.1421875 0.0671875
