0 0.15625 0.875 0.3078125 0.240625
0 0.48671875 0.88125 0.353125 0.228125
0 0.8265625 0.8734375 0.34140625 0.24296875
0 0.5015625 0.6828125 0.34375 0.240625
0 0.16796875 0.65625 0.33203125 0.2453125
0 0.196875 0.46015625 0.3171875 0.25234375
0 0.0203125 0.47109375 0.03125 0.2640625
0 0.18984375 0.27265625 0.3125 0.25234375
0 0.18984375 0.1109375 0.303125 0.21171875
0 0.525 0.1078125 0.290625 0.1921875
0 0.81953125 0.115625 0.2984375 0.22578125
0 0.984375 0.29921875 0.0265625 0.2046875
0 0.8234375 0.28359375 0.31953125 0.2640625
0 0.83984375 0.475 0.31484375 0.24765625
0 0.8390625 0.6765625 0.3171875 0.24296875
0 0.521875 0.48828125 0.33203125 0.2640625
0 0.5046875 0.28359375 0.3078125 0.240625
