0 0.29453125 0.27734375 0.25703125 0.2671875
0 0.50703125 0.19140625 0.28359375 0.165625
0 0.703125 0.2234375 0.38671875 0.2546875
0 0.61640625 0.33671875 0.18046875 0.125
0 0.45078125 0.35546875 0.25234375 0.178125
0 0.29453125 0.5265625 0.24765625 0.16796875
0 0.21640625 0.7328125 0.28828125 0.2015625
0 0.4265625 0.68515625 0.18046875 0.1828125
0 0.52265625 0.8140625 0.31484375 0.2046875
0 0.5671875 0.634375 0.20703125 0.1203125
0 0.7546875 0.5015625 0.34609375 0.2046875
0 0.72578125 0.7453125 0.375 0.20703125
