0 0.7765625 0.1078125 0.3171875 0.1203125
0 0.77890625 0.23828125 0.3125 0.125
0 0.4890625 0.18046875 0.30078125 0.1203125
0 0.19453125 0.23828125 0.28828125 0.1203125
0 0.18984375 0.3703125 0.27890625 0.1203125
0 0.19140625 0.50390625 0.2953125 0.12734375
0 0.19140625 0.634375 0.2953125 0.1203125
0 0.19453125 0.7671875 0.28828125 0.1203125
0 0.48203125 0.3125 0.2953125 0.115625
0 0.484375 0.44453125 0.30078125 0.125
0 0.48671875 0.5796875 0.2953125 0.115625
0 0.484375 0.709375 0.30078125 0.115625
0 0.48203125 0.8421875 0.2953125 0.11328125
0 0.78828125 0.3703125 0.3078125 0.1203125
0 0.790625 0.5 0.3125 0.1203125
0 0.78828125 0.63203125 0.3078125 0.125
0 0.78125 0.759375 0.3078125 0.125
0 0.7765625 0.8890625 0.3078125 0.1203125
