0 0.540625 0.8484375 0.59140625 0.178125
0 0.2140625 0.88359375 0.23046875 0.0984375
0 0.1390625 0.75859375 0.278125 0.1109375
0 0.47734375 0.71875 0.62265625 0.134375
0 0.81015625 0.5796875 0.28359375 0.15859375
0 0.6109375 0.58203125 0.15859375 0.196875
0 0.33046875 0.5359375 0.13671875 0.053125
0 0.2828125 0.6078125 0.2234375 0.04296875
0 0.24296875 0.546875 0.28828125 0.06484375
0 0.459375 0.571875 0.1734375 0.1390625
0 0.21640625 0.62890625 0.33203125 0.23828125
0 0.2390625 0.4734375 0.2234375 0.0578125
0 0.421875 0.46015625 0.26171875 0.0984375
0 0.57421875 0.4546875 0.27421875 0.0765625
0 0.74375 0.38671875 0.21875 0.21171875
0 0.5578125 0.359375 0.3171875 0.11328125
0 0.3375 0.35546875 0.18046875 0.1203125
0 0.11328125 0.3765625 0.071875 0.05078125
0 0.24296875 0.38671875 0.2015625 0.0578125
0 0.05078125 0.23046875 0.08671875 0.196875
0 0.1078125 0.21875 0.02890625 0.240625
0 0.25390625 0.21171875 0.25703125 0.2015625
0 0.2546875 0.1109375 0.2015625 0.0625
0 0.25703125 0.15234375 0.20703125 0.021875
0 0.24765625 0.17421875 0.196875 0.021875
0 0.24375 0.1921875 0.18046875 0.0140625
0 0.3296875 0.259375 0.196875 0.0578125
0 0.6 0.259375 0.37734375 0.09140625
0 0.5671875 0.16328125 0.4328125 0.22578125
0 0.8296875 0.21171875 0.2015625 0.1390625
