0 0.89765625 0.7546875 0.1515625 0.2453125
0 0.88828125 0.30859375 0.209375 0.3578125
0 0.69921875 0.75 0.1921875 0.240625
0 0.68046875 0.29296875 0.178125 0.303125
0 0.49140625 0.27890625 0.165625 0.259375
0 0.50390625 0.73828125 0.17578125 0.21640625
0 0.33046875 0.72578125 0.15625 0.1921875
0 0.18125 0.7046875 0.11796875 0.14921875
0 0.0578125 0.69609375 0.09140625 0.11796875
0 0.3234375 0.2765625 0.1421875 0.2640625
0 0.17890625 0.2546875 0.12734375 0.2359375
0 0.05625 0.228125 0.103125 0.1734375
