0 0.1890625 0.27890625 0.24765625 0.5578125
0 0.43984375 0.2984375 0.26953125 0.59140625
0 0.7171875 0.334375 0.32421875 0.66328125
0 0.93515625 0.0609375 0.1234375 0.121875
0 0.09609375 0.7390625 0.14921875 0.38671875
0 0.2015625 0.84375 0.2546875 0.303125
0 0.40625 0.94375 0.2546875 0.103125
0 0.3796875 0.71171875 0.22109375 0.3609375
0 0.5734375 0.821875 0.24296875 0.34609375
0 0.8078125 0.9203125 0.29296875 0.14921875
0 0.89296875 0.81640625 0.2140625 0.36328125
0 0.9484375 0.56484375 0.0984375 0.1921875
0 0.86328125 0.5140625 0.10546875 0.29296875
