0 0.34765625 0.709375 0.6078125 0.2640625
0 0.54296875 0.47109375 0.20703125 0.1828125
0 0.3640625 0.3890625 0.540625 0.16796875
0 0.275 0.55390625 0.5453125 0.24296875
0 0.2640625 0.2828125 0.528125 0.15625
0 0.478125 0.209375 0.33671875 0.115625
0 0.8390625 0.32578125 0.27421875 0.31953125
0 0.884375 0.5890625 0.16796875 0.10078125
0 0.93515625 0.6609375 0.0578125 0.03828125
0 0.9109375 0.73828125 0.15390625 0.09609375
0 0.83046875 0.67421875 0.11796875 0.084375
0 0.7609375 0.59140625 0.11796875 0.0765625
0 0.725 0.62265625 0.09375 0.0625
0 0.725 0.696875 0.09375 0.0625
0 0.77265625 0.7515625 0.09375 0.06953125
