0 0.69609375 0.15 0.2328125 0.290625
0 0.9265625 0.1671875 0.1421875 0.30078125
0 0.8234375 0.4078125 0.2765625 0.290625
0 0.790625 0.709375 0.29296875 0.27890625
0 0.49375 0.8078125 0.2765625 0.35546875
0 0.63203125 0.6046875 0.1828125 0.30078125
0 0.6109375 0.4203125 0.1296875 0.20703125
0 0.53359375 0.36875 0.16328125 0.2234375
0 0.47578125 0.1109375 0.1921875 0.20703125
0 0.428125 0.19921875 0.21640625 0.26953125
0 0.4046875 0.44921875 0.2234375 0.40390625
0 0.33515625 0.69921875 0.103125 0.1734375
0 0.1921875 0.89453125 0.3078125 0.20703125
0 0.3375 0.87734375 0.103125 0.16796875
0 0.03515625 0.90390625 0.06953125 0.16796875
0 0.15859375 0.834375 0.21640625 0.26953125
0 0.0640625 0.6078125 0.12265625 0.39453125
0 0.2234375 0.58203125 0.21640625 0.28828125
0 0.25390625 0.4046875 0.1421875 0.26171875
0 0.0984375 0.33671875 0.196875 0.365625
0 0.10703125 0.1203125 0.2046875 0.23046875
0 0.27421875 0.0734375 0.22109375 0.13671875
0 0.26328125 0.19453125 0.12734375 0.15859375
0 0.8390625 0.13671875 0.0484375 0.25
0 0.96875 0.39453125 0.053125 0.20703125
0 0.96875 0.64921875 0.0578125 0.1921875
