0 0.66953125 0.69921875 0.1078125 0.3171875
0 0.790625 0.69375 0.10078125 0.3296875
0 0.915625 0.68046875 0.1109375 0.34140625
0 0.3328125 0.8921875 0.06484375 0.16796875
0 0.24296875 0.83515625 0.0671875 0.11796875
0 0.178125 0.7921875 0.053125 0.09375
0 0.12109375 0.89921875 0.0890625 0.1921875
0 0.18984375 0.9328125 0.04296875 0.1296875
0 0.26171875 0.94609375 0.09609375 0.103125
0 0.2203125 0.1625 0.09375 0.31015625
0 0.13203125 0.2234375 0.08671875 0.1875
0 0.7234375 0.21484375 0.10078125 0.3296875
0 0.8390625 0.2390625 0.14453125 0.3296875
0 0.9546875 0.2296875 0.08671875 0.31015625
2 0.6265625 0.1875 0.0359375 0.25
2 0.59375 0.1859375 0.03828125 0.2234375
2 0.56953125 0.196875 0.02890625 0.23046875
2 0.59375 0.21875 0.01953125 0.21171875
2 0.55078125 0.228125 0.03359375 0.1921875
2 0.47109375 0.35546875 0.04296875 0.08671875
2 0.5 0.27421875 0.04296875 0.08671875
2 0.47578125 0.19140625 0.04296875 0.09375
2 0.5 0.10234375 0.04296875 0.09375
2 0.4015625 0.09375 0.0484375 0.10078125
