0 0.83515625 0.48203125 0.12734375 0.21875
0 0.85546875 0.228125 0.16328125 0.2015625
0 0.765625 0.3234375 0.15625 0.209375
0 0.68515625 0.19921875 0.14921875 0.21171875
0 0.6078125 0.36796875 0.1390625 0.28359375
0 0.6703125 0.48828125 0.1296875 0.1875
0 0.4171875 0.75234375 0.1703125 0.33203125
0 0.5 0.5140625 0.14921875 0.3078125
0 0.47578125 0.24296875 0.14921875 0.3125
0 0.22734375 0.59609375 0.15625 0.35078125
0 0.3375 0.35 0.13203125 0.3390625
0 0.35078125 0.5671875 0.10546875 0.14921875
0 0.203125 0.24375 0.15625 0.36796875
0 0.13203125 0.3578125 0.1109375 0.33203125
0 0.43984375 0.209375 0.0625 0.0765625
0 0.1734375 0.3796875 0.0765625 0.0484375
0 0.1421875 0.5 0.04296875 0.0484375
