0 0.79921875 0.3484375 0.38671875 0.321875
0 0.7984375 0.52734375 0.3890625 0.25234375
0 0.7953125 0.68046875 0.3703125 0.16328125
0 0.55078125 0.7671875 0.35546875 0.27890625
0 0.8125 0.8078125 0.3609375 0.321875
0 0.20546875 0.74765625 0.353125 0.35546875
0 0.20078125 0.8890625 0.34375 0.1875
0 0.32109375 0.15234375 0.38671875 0.2765625
0 0.509375 0.28828125 0.2546875 0.321875
0 0.49609375 0.50703125 0.228125 0.1828125
0 0.49375 0.6515625 0.2328125 0.115625
0 0.1984375 0.3453125 0.37734375 0.2859375
0 0.1921875 0.54296875 0.3796875 0.1875
0 0.1921875 0.6734375 0.3703125 0.16796875
