0 0.79296875 0.771875 0.40390625 0.39921875
0 0.709375 0.921875 0.571875 0.1515625
0 0.8890625 0.37734375 0.21171875 0.41328125
0 0.603125 0.5734375 0.46640625 0.290625
0 0.41796875 0.80859375 0.34609375 0.26171875
0 0.2953125 0.94921875 0.2640625 0.09609375
0 0.74375 0.25859375 0.50234375 0.353125
0 0.8234375 0.04296875 0.340625 0.0859375
0 0.50703125 0.18046875 0.3703125 0.27421875
0 0.37109375 0.428125 0.2859375 0.2359375
0 0.2546875 0.6390625 0.25 0.20703125
0 0.1703125 0.83203125 0.1875 0.196875
0 0.0890625 0.94921875 0.15390625 0.09609375
0 0.32421875 0.13203125 0.25 0.22109375
0 0.26171875 0.34140625 0.2640625 0.196875
0 0.16328125 0.52890625 0.22109375 0.1734375
0 0.07421875 0.7015625 0.14453125 0.15859375
0 0.0453125 0.8546875 0.08671875 0.146875
