0 0.89453125 0.446875 0.1734375 0.571875
0 0.7921875 0.3921875 0.103125 0.64921875
0 0.771875 0.40859375 0.03359375 0.3609375
0 0.740625 0.6578125 0.134375 0.1609375
0 0.63671875 0.56484375 0.09609375 0.1203125
0 0.62890625 0.6765625 0.0890625 0.103125
0 0.58515625 0.53125 0.0453125 0.071875
0 0.571875 0.64453125 0.071875 0.15390625
0 0.5140625 0.68046875 0.1203125 0.08203125
0 0.4703125 0.65 0.1078125 0.11328125
0 0.4203125 0.68046875 0.03359375 0.0625
0 0.38671875 0.66328125 0.03359375 0.0484375
0 0.36796875 0.6859375 0.04296875 0.040625
0 0.33515625 0.6734375 0.0453125 0.0671875
0 0.37734375 0.615625 0.02421875 0.0578125
0 0.42421875 0.603125 0.03125 0.09140625
0 0.4546875 0.43046875 0.02421875 0.34609375
0 0.475 0.52421875 0.0265625 0.14921875
0 0.49375 0.39296875 0.0265625 0.3921875
0 0.52421875 0.51171875 0.02421875 0.14453125
0 0.54296875 0.44921875 0.03828125 0.3078125
0 0.53359375 0.37890625 0.01953125 0.38671875
0 0.5921875 0.3109375 0.03125 0.396875
0 0.584375 0.4203125 0.04296875 0.22109375
0 0.6359375 0.36640625 0.03125 0.3296875
0 0.61640625 0.36328125 0.0171875 0.29296875
0 0.6828125 0.3859375 0.04296875 0.53125
0 0.72734375 0.44921875 0.03125 0.4859375
