0 0.6703125 0.90625 0.134375 0.08203125
0 0.6734375 0.81484375 0.1296875 0.115625
0 0.68125 0.6546875 0.1421875 0.19921875
0 0.6734375 0.43984375 0.16328125 0.22109375
0 0.6734375 0.17578125 0.1734375 0.3171875
0 0.5421875 0.709375 0.1421875 0.1921875
0 0.54296875 0.84140625 0.134375 0.08203125
0 0.365625 0.77890625 0.22109375 0.15859375
0 0.31953125 0.51953125 0.25 0.1921875
0 0.525 0.5203125 0.1421875 0.2046875
0 0.43515625 0.31953125 0.3125 0.196875
0 0.521875 0.1390625 0.1390625 0.1734375
0 0.3234375 0.15625 0.271875 0.178125
0 0.19921875 0.3296875 0.16796875 0.1875
0 0.11328125 0.47578125 0.15390625 0.16796875
0 0.26953125 0.634375 0.1828125 0.1296875
0 0.41328125 0.64921875 0.115625 0.10546875
