0 0.4859375 0.81875 0.3796875 0.12734375
0 0.8265625 0.896875 0.33671875 0.1203125
0 0.8265625 0.76328125 0.33671875 0.12734375
0 0.8296875 0.63359375 0.33203125 0.12265625
0 0.83203125 0.5015625 0.3265625 0.12265625
0 0.83203125 0.3703125 0.3265625 0.125
0 0.834375 0.23828125 0.3171875 0.1203125
0 0.83203125 0.1109375 0.3265625 0.115625
0 0.48828125 0.1546875 0.375 0.12265625
0 0.4828125 0.28828125 0.375 0.1203125
0 0.4890625 0.6875 0.38671875 0.1296875
0 0.4890625 0.55625 0.38671875 0.12265625
0 0.4890625 0.41796875 0.38671875 0.125
0 0.15 0.23515625 0.3 0.1109375
0 0.15 0.36328125 0.3 0.1234375
0 0.14921875 0.4953125 0.29296875 0.1203125
0 0.15390625 0.62890625 0.3078125 0.12265625
0 0.14921875 0.7609375 0.29296875 0.11796875
