0 0.3390625 0.1828125 0.240625 0.125
0 0.53125 0.23046875 0.23046875 0.125
0 0.74765625 0.271875 0.2359375 0.1296875
0 0.9234375 0.3109375 0.14921875 0.12734375
0 0.75625 0.4265625 0.21875 0.11796875
0 0.53984375 0.3734375 0.2140625 0.12265625
0 0.3375 0.3296875 0.2234375 0.115625
0 0.334375 0.47265625 0.20703125 0.11796875
0 0.53984375 0.525 0.2234375 0.11796875
0 0.75 0.584375 0.20703125 0.115625
0 0.928125 0.4953125 0.1390625 0.1296875
0 0.9234375 0.6875 0.14921875 0.125
0 0.7484375 0.75390625 0.2140625 0.12734375
0 0.53984375 0.68046875 0.2140625 0.115625
0 0.53984375 0.83515625 0.2234375 0.12734375
0 0.32578125 0.75859375 0.2140625 0.11796875
0 0.33046875 0.8921875 0.2140625 0.125
