0 0.84140625 0.48828125 0.071875 0.23046875
0 0.771875 0.48046875 0.0578125 0.20703125
0 0.68984375 0.43515625 0.08203125 0.2453125
0 0.75703125 0.41796875 0.09609375 0.28828125
0 0.625 0.396875 0.0484375 0.2359375
0 0.5796875 0.3921875 0.0484375 0.2453125
0 0.5140625 0.390625 0.08203125 0.25703125
0 0.4546875 0.34140625 0.0765625 0.365625
0 0.4015625 0.4171875 0.0765625 0.38203125
0 0.3296875 0.4390625 0.071875 0.3390625
0 0.24296875 0.50859375 0.115625 0.2953125
0 0.2515625 0.27421875 0.1078125 0.196875
0 0.16796875 0.4734375 0.10078125 0.365625
0 0.5828125 0.72265625 0.12265625 0.1421875
0 0.59765625 0.8484375 0.1421875 0.1109375
0 0.34375 0.803125 0.3078125 0.196875
0 0.13203125 0.7546875 0.1828125 0.1203125
0 0.296875 0.6703125 0.18515625 0.115625
0 0.5578125 0.6390625 0.321875 0.23046875
0 0.82109375 0.6609375 0.30078125 0.20703125
0 0.63671875 0.759375 0.6109375 0.196875
