0 0.303125 0.16796875 0.34609375 0.10546875
0 0.5359375 0.26171875 0.365625 0.22109375
0 0.22265625 0.25703125 0.26171875 0.0765625
0 0.13203125 0.35234375 0.15390625 0.11796875
0 0.3421875 0.36328125 0.3296875 0.14921875
0 0.53125 0.45078125 0.47578125 0.17578125
0 0.36328125 0.49765625 0.1296875 0.09609375
0 0.2015625 0.459375 0.20703125 0.10546875
0 0.19921875 0.59140625 0.25 0.1875
0 0.4328125 0.57421875 0.27890625 0.115625
0 0.6140625 0.5796875 0.103125 0.09140625
0 0.76171875 0.5796875 0.22109375 0.10546875
0 0.62109375 0.66796875 0.1703125 0.1109375
0 0.428125 0.6828125 0.20703125 0.08203125
0 0.2953125 0.75 0.3703125 0.125
