0 0.08515625 0.25390625 0.1703125 0.34375
0 0.20078125 0.359375 0.11796875 0.21875
0 0.0640625 0.5828125 0.0984375 0.21875
0 0.2390625 0.68984375 0.09375 0.2359375
0 0.2234375 0.5671875 0.1875 0.115625
0 0.34140625 0.56484375 0.1203125 0.2015625
0 0.44375 0.4546875 0.0984375 0.16328125
0 0.36796875 0.3265625 0.115625 0.20703125
0 0.2953125 0.39921875 0.134375 0.1921875
0 0.259375 0.21640625 0.125 0.21171875
0 0.28359375 0.17578125 0.33671875 0.14453125
0 0.26953125 0.0640625 0.28359375 0.12265625
0 0.4734375 0.2328125 0.125 0.29296875
0 0.53828125 0.39921875 0.2640625 0.625
0 0.640625 0.44140625 0.290625 0.603125
0 0.6609375 0.625 0.375 0.6875
0 0.7640625 0.64921875 0.303125 0.66796875
0 0.87265625 0.64765625 0.2453125 0.6515625
