0 0.7921875 0.60546875 0.228125 0.6203125
0 0.84375 0.24609375 0.1109375 0.209375
0 0.790625 0.525 0.2359375 0.75703125
0 0.69140625 0.15390625 0.17578125 0.2015625
0 0.6703125 0.5171875 0.20703125 0.58203125
0 0.67421875 0.4328125 0.2046875 0.75
0 0.553125 0.759375 0.22578125 0.2984375
0 0.57421875 0.53828125 0.16796875 0.2015625
0 0.47734375 0.3578125 0.13671875 0.23046875
0 0.33203125 0.3796875 0.134375 0.25
0 0.43984375 0.4546875 0.1875 0.196875
0 0.446875 0.6703125 0.1734375 0.2640625
0 0.303125 0.6515625 0.2546875 0.3609375
0 0.21640625 0.5015625 0.21171875 0.43515625
0 0.25859375 0.79296875 0.334375 0.2640625
