0 0.290625 0.12734375 0.1296875 0.09609375
0 0.27890625 0.23828125 0.1203125 0.09140625
0 0.428125 0.2015625 0.15390625 0.0765625
0 0.64921875 0.34375 0.2015625 0.28828125
0 0.59609375 0.8109375 0.40390625 0.18984375
0 0.3890625 0.8265625 0.1203125 0.09609375
0 0.51796875 0.8453125 0.103125 0.06484375
0 0.4109375 0.68515625 0.1296875 0.09609375
0 0.3296875 0.678125 0.1296875 0.04296875
0 0.31484375 0.59140625 0.14921875 0.09140625
0 0.6703125 0.8078125 0.16796875 0.240625
0 0.24765625 0.3375 0.0765625 0.084375
0 0.36796875 0.34140625 0.1296875 0.09609375
0 0.396875 0.2765625 0.115625 0.08671875
0 0.33046875 0.4515625 0.103125 0.071875
0 0.3109375 0.40625 0.0984375 0.0671875
0 0.6859375 0.56484375 0.18046875 0.1109375
0 0.6203125 0.55078125 0.1921875 0.134375
0 0.50390625 0.44375 0.0984375 0.06484375
0 0.4234375 0.4015625 0.1921875 0.27421875
0 0.5359375 0.3703125 0.1203125 0.0671875
0 0.53125 0.2984375 0.08671875 0.0671875
0 0.5359375 0.5171875 0.27421875 0.1828125
0 0.5671875 0.5796875 0.09140625 0.071875
0 0.5421875 0.72265625 0.1421875 0.0984375
0 0.72109375 0.71875 0.15390625 0.14921875
0 0.6390625 0.6734375 0.08671875 0.0578125
0 0.60703125 0.61796875 0.0984375 0.0625
