0 0.8390625 0.609375 0.16328125 0.24765625
0 0.81875 0.4234375 0.25234375 0.303125
0 0.61171875 0.4640625 0.15625 0.35078125
0 0.66796875 0.35078125 0.134375 0.22578125
0 0.6578125 0.64453125 0.2046875 0.20703125
0 0.45703125 0.79296875 0.1921875 0.1296875
0 0.4390625 0.5796875 0.228125 0.33671875
0 0.509375 0.3390625 0.14453125 0.27421875
0 0.5 0.26953125 0.08203125 0.115625
0 0.47578125 0.203125 0.0578125 0.0984375
0 0.37734375 0.2328125 0.09609375 0.178125
0 0.41328125 0.30078125 0.09609375 0.1828125
0 0.2953125 0.28828125 0.125 0.196875
0 0.16015625 0.38671875 0.209375 0.3265625
0 0.3578125 0.48046875 0.16328125 0.196875
0 0.21640625 0.6078125 0.20703125 0.15390625
0 0.2453125 0.76171875 0.21640625 0.178125
