0 0.19921875 0.32578125 0.1875 0.37734375
0 0.27890625 0.56875 0.28828125 0.5796875
0 0.40390625 0.19453125 0.2015625 0.26953125
0 0.48046875 0.4828125 0.115625 0.40859375
0 0.63203125 0.51953125 0.14453125 0.35078125
0 0.53515625 0.28828125 0.06484375 0.16796875
0 0.61796875 0.33671875 0.1109375 0.2359375
0 0.7046875 0.290625 0.0625 0.16328125
0 0.7875 0.7671875 0.084375 0.16328125
0 0.7859375 0.6078125 0.10078125 0.196875
0 0.77890625 0.428125 0.125 0.23046875
0 0.79921875 0.33046875 0.11328125 0.30078125
