0 0.81015625 0.09140625 0.3703125 0.178125
0 0.8265625 0.31484375 0.33203125 0.3078125
0 0.9109375 0.43515625 0.16796875 0.125
0 0.85234375 0.5578125 0.2859375 0.2546875
0 0.63203125 0.68125 0.34609375 0.2328125
0 0.821875 0.82578125 0.34609375 0.2765625
0 0.62890625 0.88359375 0.7328125 0.228125
0 0.36171875 0.7328125 0.38671875 0.321875
0 0.2140625 0.62265625 0.40390625 0.178125
0 0.13671875 0.75 0.15390625 0.16796875
0 0.25703125 0.91015625 0.33203125 0.17578125
0 0.07578125 0.9046875 0.146875 0.18515625
0 0.0515625 0.76796875 0.0984375 0.12265625
0 0.0984375 0.57421875 0.196875 0.1734375
0 0.1203125 0.36640625 0.2359375 0.2140625
0 0.47109375 0.0625 0.16796875 0.115625
0 0.5140625 0.03125 0.125 0.053125
0 0.6140625 0.08203125 0.2140625 0.15390625
0 0.5625 0.25 0.26953125 0.1828125
0 0.44453125 0.15625 0.125 0.0671875
0 0.31953125 0.125 0.23046875 0.10546875
0 0.29921875 0.04296875 0.2140625 0.0765625
0 0.33671875 0.2546875 0.20703125 0.15390625
0 0.453125 0.3890625 0.2859375 0.15859375
0 0.69453125 0.5109375 0.2453125 0.11328125
0 0.3953125 0.47109375 0.31484375 0.16328125
0 0.1234375 0.1296875 0.1609375 0.09609375
0 0.209375 0.31015625 0.10546875 0.16328125
0 0.209375 0.21875 0.09609375 0.14453125
0 0.0359375 0.18984375 0.071875 0.134375
0 0.10234375 0.0765625 0.18984375 0.10078125
0 0.11796875 0.01953125 0.14921875 0.02890625
0 0.49765625 0.50234375 0.9953125 0.9953125
