0 0.459375 0.7671875 0.428125 0.1203125
0 0.6828125 0.771875 0.15859375 0.0765625
0 0.7546875 0.64453125 0.3890625 0.115625
0 0.321875 0.66953125 0.428125 0.21875
0 0.10234375 0.69921875 0.11328125 0.14921875
0 0.19921875 0.4734375 0.28359375 0.21171875
0 0.23046875 0.2953125 0.3703125 0.14453125
0 0.46640625 0.28828125 0.1390625 0.1109375
0 0.40859375 0.2078125 0.365625 0.06953125
0 0.75 0.271875 0.40390625 0.22578125
0 0.4859375 0.36328125 0.35078125 0.1875
0 0.39921875 0.51953125 0.4234375 0.1390625
0 0.75234375 0.4953125 0.40859375 0.22109375
