0 0.52890625 0.19375 0.553125 0.24765625
0 0.25703125 0.1453125 0.25 0.15625
0 0.4640625 0.1890625 0.66796875 0.24765625
0 0.6078125 0.40859375 0.60078125 0.2453125
0 0.40390625 0.39453125 0.20703125 0.20703125
0 0.4671875 0.6078125 0.540625 0.21171875
0 0.20546875 0.66796875 0.25703125 0.134375
0 0.415625 0.62265625 0.66796875 0.240625
0 0.34140625 0.85546875 0.26953125 0.16796875
0 0.58203125 0.8234375 0.571875 0.23828125
0 0.53125 0.82578125 0.66796875 0.2328125
0 0.3796875 0.37734375 0.15859375 0.0671875
