3 0.03359375 0.34375 0.0578125 0.5765625
3 0.0953125 0.36796875 0.0359375 0.625
3 0.1359375 0.34609375 0.0359375 0.5671875
3 0.1890625 0.35078125 0.05078125 0.5765625
3 0.234375 0.40859375 0.03125 0.678125
3 0.2953125 0.384375 0.071875 0.64453125
3 0.33515625 0.37109375 0.040625 0.5890625
3 0.38203125 0.36796875 0.053125 0.58203125
3 0.41328125 0.35234375 0.02890625 0.540625
3 0.46640625 0.37109375 0.0765625 0.5890625
3 0.52265625 0.36328125 0.0453125 0.5765625
3 0.55078125 0.375 0.02890625 0.58203125
3 0.57109375 0.34765625 0.03125 0.540625
3 0.609375 0.36796875 0.0359375 0.59609375
3 0.65 0.3609375 0.0453125 0.58203125
3 0.68359375 0.40859375 0.03125 0.66328125
3 0.7078125 0.4015625 0.040625 0.66328125
3 0.73671875 0.4046875 0.0359375 0.6703125
3 0.76796875 0.36796875 0.0453125 0.58203125
3 0.8015625 0.34765625 0.03125 0.55546875
3 0.82578125 0.34609375 0.03125 0.5671875
3 0.86796875 0.35703125 0.0625 0.5890625
3 0.9328125 0.3921875 0.08203125 0.64453125
3 0.97578125 0.359375 0.04296875 0.56953125