3 0.4015625 0.5265625 0.2359375 0.634375
3 0.43515625 0.84140625 0.2015625 0.3078125
3 0.396875 0.603125 0.28828125 0.78359375
3 0.27890625 0.7671875 0.08671875 0.45703125
3 0.17578125 0.6921875 0.20703125 0.60546875
3 0.71875 0.984375 0.4421875 0.0265625
3 0.7390625 0.9390625 0.459375 0.07421875
3 0.7234375 0.8859375 0.40859375 0.040625
3 0.7359375 0.821875 0.40859375 0.09609375
3 0.740625 0.75234375 0.39921875 0.0484375
3 0.73828125 0.709375 0.40390625 0.04296875
3 0.7296875 0.65625 0.4203125 0.053125
3 0.73046875 0.60546875 0.40859375 0.053125
3 0.7296875 0.540625 0.4203125 0.0671875
3 0.71640625 0.47734375 0.446875 0.06484375
3 0.7078125 0.415625 0.4640625 0.0671875
3 0.69921875 0.3578125 0.48046875 0.053125
3 0.6515625 0.2859375 0.59140625 0.10546875
3 0.6578125 0.21875 0.62265625 0.0578125
3 0.64453125 0.15390625 0.59140625 0.071875
3 0.64921875 0.084375 0.59609375 0.09609375
3 0.64453125 0.02421875 0.60078125 0.0484375