3 0.7640625 0.771875 0.46171875 0.3796875
3 0.6296875 0.90234375 0.73046875 0.18984375
3 0.91796875 0.55078125 0.15390625 0.178125
3 0.75 0.321875 0.490625 0.259375
3 0.60703125 0.47109375 0.69921875 0.35078125
3 0.3609375 0.6609375 0.71640625 0.365625
3 0.22734375 0.8390625 0.44921875 0.3171875
3 0.821875 0.14921875 0.34609375 0.2984375
3 0.35546875 0.14921875 0.7015625 0.2984375
3 0.628125 0.05859375 0.496875 0.1171875
3 0.23203125 0.31875 0.459375 0.3484375
3 0.109375 0.546875 0.2140625 0.26171875