3 0.678125 0.79296875 0.634375 0.40390625
3 0.86171875 0.8578125 0.2671875 0.27421875
3 0.3609375 0.853125 0.08203125 0.28359375
3 0.09375 0.7046875 0.1875 0.58203125
3 0.16328125 0.7359375 0.0671875 0.51953125
3 0.43359375 0.51328125 0.271875 0.38671875
3 0.74296875 0.56953125 0.35546875 0.365625
3 0.56953125 0.62890625 0.7015625 0.61796875
3 0.9734375 0.28125 0.04296875 0.22109375
3 0.96640625 0.453125 0.0578125 0.56953125
3 0.56953125 0.27265625 0.66796875 0.334375
3 0.1109375 0.10078125 0.21640625 0.196875
3 0.12890625 0.303125 0.25234375 0.303125
3 0.9234375 0.13671875 0.14453125 0.26953125
3 0.5359375 0.109375 0.59140625 0.19921875