3 0.72578125 0.64453125 0.09609375 0.071875
3 0.71015625 0.5171875 0.11796875 0.071875
3 0.09140625 0.87265625 0.09609375 0.0765625
3 0.14453125 0.9328125 0.08203125 0.08203125
3 0.084375 0.97265625 0.0578125 0.05078125
3 0.1515625 0.9890625 0.0671875 0.0171875
3 0.15390625 0.834375 0.08203125 0.0765625
3 0.43359375 0.896875 0.11796875 0.08671875
3 0.5171875 0.92578125 0.0765625 0.071875
3 0.60546875 0.93125 0.10078125 0.06953125
3 0.6859375 0.96640625 0.1078125 0.0625
3 0.6828125 0.8890625 0.09140625 0.08203125
3 0.6390625 0.84609375 0.0765625 0.0484375
3 0.5796875 0.8609375 0.09140625 0.0484375
3 0.46640625 0.98203125 0.071875 0.03125
3 0.5140625 0.98203125 0.053125 0.03125
3 0.5609375 0.98203125 0.0453125 0.03125
3 0.5453125 0.84140625 0.08671875 0.04296875
3 0.4515625 0.84375 0.053125 0.03359375
3 0.3140625 0.98203125 0.040625 0.03125
3 0.353125 0.97578125 0.053125 0.04296875
3 0.33203125 0.89921875 0.0765625 0.0484375
3 0.33203125 0.94140625 0.0578125 0.0265625
3 0.26171875 0.94921875 0.071875 0.0625
3 0.2640625 0.8640625 0.0671875 0.0890625
3 0.34375 0.84140625 0.053125 0.0484375
3 0.4046875 0.83515625 0.040625 0.0265625