3 0.2203125 0.50234375 0.11328125 0.196875
3 0.06484375 0.4546875 0.1203125 0.20703125
3 0.04296875 0.75 0.08203125 0.1875
3 0.16328125 0.71875 0.15859375 0.2359375
3 0.0875 0.91796875 0.11796875 0.15390625
3 0.1265625 0.18984375 0.11328125 0.16796875
3 0.06875 0.0609375 0.13203125 0.11796875
3 0.321875 0.09140625 0.14453125 0.178125
3 0.53515625 0.09140625 0.165625 0.178125
3 0.9421875 0.13359375 0.1109375 0.2046875
3 0.975 0.57421875 0.0453125 0.21171875
3 0.55078125 0.59140625 0.14921875 0.3078125
3 0.54296875 0.59375 0.73046875 0.803125