3 0.865625 0.5671875 0.10546875 0.5625
3 0.796875 0.56875 0.09375 0.5890625
3 0.73828125 0.53828125 0.1203125 0.5671875
3 0.65859375 0.5265625 0.1296875 0.52421875
3 0.59765625 0.5359375 0.11328125 0.571875
3 0.5265625 0.4984375 0.10546875 0.5984375
3 0.44921875 0.52265625 0.1109375 0.5890625
3 0.38203125 0.50234375 0.09140625 0.6109375
3 0.30546875 0.50234375 0.1109375 0.5765625
3 0.22265625 0.5171875 0.11796875 0.60546875
3 0.1703125 0.4859375 0.1296875 0.625
3 0.109375 0.50703125 0.13203125 0.6109375