3 0.39453125 0.9 0.4328125 0.19453125
3 0.115625 0.953125 0.134375 0.084375
3 0.05078125 0.89765625 0.09609375 0.19921875
3 0.15625 0.7984375 0.16328125 0.23046875
3 0.428125 0.68984375 0.4375 0.2640625
3 0.4421875 0.4328125 0.46640625 0.2984375
3 0.4625 0.14765625 0.4734375 0.2953125
3 0.31953125 0.10078125 0.4421875 0.2015625
3 0.1921875 0.3265625 0.196875 0.259375
3 0.165625 0.57421875 0.1828125 0.2546875
3 0.06015625 0.6921875 0.115625 0.21640625
3 0.06875 0.48671875 0.13203125 0.2140625
3 0.07109375 0.259375 0.13671875 0.240625
3 0.06015625 0.07421875 0.1171875 0.1484375