3 0.3375 0.478125 0.5890625 0.5625
3 0.0375 0.6671875 0.06484375 0.31953125
3 0.0578125 0.790625 0.10546875 0.16796875
3 0.0578125 0.896875 0.10546875 0.08671875
3 0.0578125 0.94453125 0.10546875 0.0671875
3 0.0671875 0.97734375 0.125 0.040625
3 0.3484375 0.775 0.4953125 0.11328125
3 0.334375 0.84609375 0.428125 0.08203125
3 0.30546875 0.90390625 0.3890625 0.0484375
3 0.2984375 0.94375 0.33203125 0.0453125
3 0.27421875 0.97578125 0.3078125 0.04296875
3 0.60234375 0.9734375 0.30546875 0.0484375
3 0.665625 0.9375 0.33203125 0.0578125
3 0.69140625 0.89453125 0.36796875 0.0671875
3 0.76796875 0.8484375 0.4203125 0.08203125
3 0.80390625 0.78984375 0.38671875 0.13203125
3 0.8140625 0.5140625 0.36796875 0.53359375
3 0.9828125 0.86875 0.02890625 0.03125
3 0.94375 0.9125 0.1078125 0.05078125
3 0.921875 0.94453125 0.1515625 0.0578125
3 0.88203125 0.97109375 0.2359375 0.04296875