3 0.9046875 0.43125 0.18515625 0.46875
3 0.68515625 0.46640625 0.26953125 0.48046875
3 0.42890625 0.4859375 0.2859375 0.5046875
3 0.15234375 0.5203125 0.30078125 0.540625
3 0.328125 0.2046875 0.271875 0.21171875
3 0.578125 0.20703125 0.25234375 0.22578125
3 0.80546875 0.178125 0.2359375 0.21171875
3 0.9546875 0.1296875 0.08671875 0.15390625
3 0.10546875 0.19375 0.20703125 0.18046875
3 0.26328125 0.053125 0.23828125 0.10078125
3 0.4828125 0.053125 0.23046875 0.10078125
3 0.69375 0.053125 0.21875 0.10078125
3 0.89765625 0.0453125 0.19921875 0.08671875
3 0.0734375 0.0609375 0.1421875 0.11796875