3 0.1921875 0.65859375 0.3796875 0.6734375
3 0.52890625 0.7140625 0.48046875 0.5625
3 0.8734375 0.77890625 0.24765625 0.4328125
3 0.703125 0.3171875 0.43515625 0.4953125
3 0.34140625 0.296875 0.428125 0.4546875
3 0.06640625 0.2125 0.12265625 0.4015625
3 0.084375 0.0765625 0.16328125 0.14921875
3 0.23828125 0.0671875 0.1734375 0.134375
3 0.5171875 0.08515625 0.3890625 0.165625
3 0.8390625 0.15859375 0.26953125 0.303125
3 0.8859375 0.28828125 0.2234375 0.571875
3 0.50234375 0.49765625 0.9953125 0.9953125