3 0.6921875 0.8265625 0.41328125 0.33203125
3 0.85078125 0.4265625 0.29296875 0.8484375
3 0.928125 0.9203125 0.1390625 0.14921875
3 0.96015625 0.0875 0.07421875 0.1703125
3 0.7671875 0.67421875 0.22109375 0.4640625
3 0.68515625 0.2953125 0.10078125 0.3265625
3 0.56953125 0.1203125 0.3796875 0.2359375
3 0.37265625 0.19375 0.16796875 0.3390625
3 0.5015625 0.5765625 0.37265625 0.83203125
3 0.19375 0.8140625 0.30078125 0.36328125
3 0.1671875 0.3296875 0.3296875 0.65390625
3 0.27265625 0.1 0.13671875 0.18515625
3 0.3390625 0.49296875 0.15859375 0.3265625
3 0.03359375 0.81953125 0.0625 0.35078125