3 0.41015625 0.14296875 0.50703125 0.2765625
3 0.15625 0.1671875 0.303125 0.32421875
3 0.33671875 0.31015625 0.509375 0.40859375
3 0.1078125 0.3421875 0.20703125 0.396875
3 0.2875 0.5421875 0.4828125 0.396875
3 0.1421875 0.625 0.27890625 0.3171875
3 0.1421875 0.82421875 0.27421875 0.196875
3 0.15078125 0.83359375 0.2921875 0.3328125
3 0.771875 0.1609375 0.375 0.3125
3 0.7234375 0.3953125 0.3078125 0.23828125
3 0.92890625 0.3859375 0.13671875 0.25703125
3 0.978125 0.12734375 0.03828125 0.2453125
3 0.6921875 0.6203125 0.33203125 0.21171875
3 0.928125 0.60703125 0.1390625 0.21875
3 0.6875 0.8390625 0.33203125 0.21640625
3 0.92578125 0.80390625 0.14453125 0.1703125
3 0.9234375 0.9421875 0.14921875 0.1109375
3 0.7125 0.96640625 0.2765625 0.0671875
3 0.43046875 0.93984375 0.27890625 0.1203125
3 0.4109375 0.790625 0.22109375 0.27890625
3 0.5 0.5 0.9953125 0.9953125