3 0.43046875 0.8390625 0.40859375 0.3171875
3 0.1703125 0.884375 0.33203125 0.22578125
3 0.103125 0.39921875 0.196875 0.428125
3 0.21171875 0.59140625 0.41328125 0.3609375
3 0.3140625 0.16328125 0.165625 0.08671875
3 0.24765625 0.2484375 0.4328125 0.31953125
3 0.16328125 0.08984375 0.3171875 0.17578125
3 0.3734375 0.06875 0.31953125 0.13203125
3 0.509375 0.37265625 0.2546875 0.22109375
3 0.490625 0.625 0.3171875 0.2453125
3 0.728125 0.696875 0.321875 0.3125
3 0.80546875 0.91328125 0.384375 0.16796875
3 0.6578125 0.39453125 0.2859375 0.28828125
3 0.51953125 0.165625 0.25 0.3078125
3 0.73671875 0.13828125 0.290625 0.271875
3 0.77421875 0.46484375 0.23046875 0.2328125
3 0.9046875 0.68515625 0.18515625 0.33203125
3 0.89453125 0.2796875 0.1921875 0.2140625
3 0.9328125 0.09765625 0.1296875 0.18984375