3 0.15 0.82578125 0.165625 0.18515625
3 0.071875 0.696875 0.134375 0.2359375
3 0.20703125 0.6359375 0.14453125 0.18515625
3 0.365625 0.8796875 0.1203125 0.21171875
3 0.3375 0.5765625 0.12734375 0.16328125
3 0.3765625 0.7796875 0.165625 0.18515625
3 0.509375 0.86875 0.125 0.18046875
3 0.5265625 0.71875 0.1203125 0.15859375
3 0.44375 0.671875 0.1078125 0.18515625
3 0.478125 0.53125 0.14453125 0.22578125
3 0.34609375 0.43984375 0.10546875 0.16328125
3 0.25 0.48046875 0.09609375 0.134375
3 0.13125 0.46875 0.12734375 0.196875
3 0.6203125 0.8796875 0.09609375 0.2015625
3 0.64453125 0.7546875 0.115625 0.14921875
3 0.6109375 0.625 0.115625 0.196875
3 0.60546875 0.4859375 0.115625 0.196875
3 0.52421875 0.3390625 0.1203125 0.1390625
3 0.43984375 0.2515625 0.125 0.18046875
3 0.334375 0.21484375 0.14453125 0.1703125
3 0.21875 0.134375 0.134375 0.15390625
3 0.05859375 0.228125 0.1078125 0.22578125
3 0.15390625 0.28359375 0.10546875 0.125
3 0.2328125 0.31640625 0.1203125 0.17578125
3 0.68984375 0.22578125 0.134375 0.2015625
3 0.64453125 0.33046875 0.15390625 0.18515625
3 0.55078125 0.2015625 0.1203125 0.125
3 0.8703125 0.49296875 0.1390625 0.21171875
3 0.7359375 0.5734375 0.1109375 0.18515625
3 0.71171875 0.68515625 0.09140625 0.134375
3 0.8171875 0.7984375 0.10546875 0.14921875
3 0.83203125 0.66328125 0.1109375 0.1390625
3 0.9484375 0.8078125 0.0984375 0.1734375
3 0.94140625 0.6421875 0.11328125 0.1734375
3 0.9484375 0.46875 0.0984375 0.240625
3 0.81484375 0.20078125 0.1296875 0.18515625
3 0.7921875 0.3703125 0.146875 0.14921875