3 0.790625 0.74765625 0.40859375 0.39921875
3 0.87265625 0.3296875 0.20703125 0.240625
3 0.9578125 0.08671875 0.06015625 0.09609375
3 0.821875 0.115625 0.1203125 0.1109375
3 0.7015625 0.09140625 0.08671875 0.09140625
3 0.45703125 0.8453125 0.259375 0.2234375
3 0.11328125 0.82578125 0.22109375 0.31015625
3 0.2828125 0.5578125 0.2671875 0.4375
3 0.5984375 0.45703125 0.375 0.384375
3 0.4984375 0.2484375 0.31953125 0.228125
3 0.16484375 0.2703125 0.31953125 0.228125
3 0.5953125 0.0875 0.0796875 0.07421875
3 0.4734375 0.0828125 0.1109375 0.084375
3 0.359375 0.07421875 0.0796875 0.1203125
3 0.25703125 0.08515625 0.0765625 0.06953125
3 0.15859375 0.0828125 0.10078125 0.07421875
3 0.04921875 0.10078125 0.084375 0.09140625