3 0.15625 0.2671875 0.22109375 0.2015625
3 0.17890625 0.2140625 0.3484375 0.41796875
3 0.36875 0.0828125 0.30546875 0.15625
3 0.7140625 0.22265625 0.1390625 0.15625
3 0.8015625 0.26171875 0.3921875 0.5140625
3 0.98046875 0.140625 0.03359375 0.271875
3 0.72109375 0.32421875 0.22109375 0.41328125
3 0.5640625 0.29296875 0.42578125 0.5765625
3 0.515625 0.30625 0.34375 0.603125
3 0.44921875 0.4421875 0.35546875 0.4375
3 0.38203125 0.48671875 0.3171875 0.396875
3 0.33671875 0.52890625 0.3171875 0.365625
3 0.28515625 0.5671875 0.34375 0.3703125
3 0.228125 0.62734375 0.33203125 0.303125
3 0.18359375 0.64921875 0.34375 0.3078125
3 0.1421875 0.71171875 0.27421875 0.2359375
3 0.04921875 0.73828125 0.0890625 0.125
3 0.37890625 0.821875 0.146875 0.1203125
3 0.234375 0.91328125 0.228125 0.16328125
3 0.4703125 0.78125 0.2140625 0.1203125
3 0.584375 0.7078125 0.29296875 0.18515625
3 0.78359375 0.6265625 0.2359375 0.1703125
3 0.88828125 0.5578125 0.21875 0.3125
3 0.77421875 0.7140625 0.09609375 0.08671875
3 0.9171875 0.9390625 0.1609375 0.11796875
3 0.7484375 0.97265625 0.18515625 0.05078125
3 0.91953125 0.75625 0.15625 0.2046875
3 0.74296875 0.865625 0.23046875 0.20703125
3 0.53125 0.9109375 0.20703125 0.1734375
3 0.365625 0.97265625 0.1390625 0.05078125
3 0.16953125 0.9625 0.13671875 0.06953125
3 0.03515625 0.9671875 0.06484375 0.06015625
3 0.02265625 0.86640625 0.0359375 0.17578125