4 0.15625 0.0765625 0.2984375 0.14453125
4 0.484375 0.12734375 0.4828125 0.2453125
4 0.15859375 0.17578125 0.303125 0.115625
4 0.3078125 0.0578125 0.2359375 0.10546875
4 0.1390625 0.1921875 0.2640625 0.16328125
4 0.08203125 0.3265625 0.14921875 0.3703125
4 0.509375 0.3296875 0.73046875 0.16328125
4 0.56953125 0.490625 0.8265625 0.178125
4 0.41328125 0.6078125 0.71171875 0.21640625
4 0.9 0.22734375 0.19453125 0.2046875
4 0.75703125 0.1359375 0.48046875 0.2671875
4 0.3890625 0.71640625 0.303125 0.134375
4 0.2140625 0.7640625 0.41328125 0.375
4 0.1234375 0.89921875 0.23828125 0.196875
4 0.4625 0.8765625 0.2953125 0.24296875
4 0.8296875 0.58515625 0.33671875 0.5171875
4 0.74375 0.859375 0.2953125 0.2765625
4 0.91328125 0.8109375 0.16796875 0.37734375
4 0.5015625 0.5 0.99296875 0.9953125