4 0.91328125 0.93515625 0.1109375 0.1203125
4 0.9828125 0.9015625 0.02890625 0.1875
4 0.928125 0.80078125 0.125 0.16796875
4 0.93515625 0.6703125 0.125 0.125
4 0.9234375 0.634375 0.0578125 0.0765625
4 0.96171875 0.553125 0.071875 0.1296875
4 0.81953125 0.86640625 0.16796875 0.25703125
4 0.86796875 0.959375 0.053125 0.071875
4 0.83671875 0.6875 0.071875 0.115625
4 0.9015625 0.615625 0.09140625 0.15859375
4 0.81953125 0.44375 0.2453125 0.21875
4 0.7125 0.35546875 0.021875 0.03359375
4 0.96640625 0.43046875 0.0625 0.115625
4 0.915625 0.290625 0.09140625 0.15390625
4 0.97578125 0.28828125 0.04296875 0.15859375
4 0.96171875 0.11328125 0.071875 0.2015625
4 0.796875 0.1046875 0.3578125 0.209375
4 0.72109375 0.14765625 0.40859375 0.2953125
4 0.52890625 0.0484375 0.03828125 0.071875
4 0.71875 0.4234375 0.0625 0.08203125
4 0.7015625 0.4515625 0.08671875 0.14921875
4 0.6703125 0.5984375 0.0625 0.08203125
4 0.6359375 0.584375 0.12734375 0.16328125
4 0.6671875 0.7125 0.290625 0.18046875
4 0.578125 0.7984375 0.18515625 0.1875
4 0.67421875 0.89921875 0.12734375 0.1921875
4 0.61875 0.9421875 0.05078125 0.071875
4 0.64921875 0.9734375 0.08671875 0.04296875
4 0.50234375 0.83671875 0.196875 0.3171875
4 0.52421875 0.959375 0.1109375 0.071875
4 0.4203125 0.9265625 0.1203125 0.13671875
4 0.31484375 0.959375 0.10546875 0.071875
4 0.3328125 0.8375 0.0984375 0.26171875
4 0.40859375 0.81484375 0.0484375 0.08671875
4 0.4046875 0.6828125 0.334375 0.1875
4 0.2359375 0.86796875 0.10546875 0.2453125
4 0.13203125 0.96484375 0.0625 0.06015625
4 0.63203125 0.46875 0.04296875 0.09140625
4 0.47578125 0.5671875 0.35078125 0.28828125
4 0.428125 0.46875 0.03828125 0.09140625
4 0.36796875 0.43984375 0.15390625 0.14921875
4 0.51171875 0.40390625 0.1921875 0.1296875
4 0.57578125 0.259375 0.24765625 0.16796875
4 0.625 0.1875 0.21171875 0.196875
4 0.053125 0.9375 0.10546875 0.115625
4 0.16328125 0.8703125 0.115625 0.1875
4 0.0765625 0.725 0.153125 0.34375
4 0.040625 0.71796875 0.08125 0.1921875
4 0.1078125 0.56171875 0.215625 0.2296875
4 0.0765625 0.37890625 0.153125 0.2890625
4 0.17421875 0.24765625 0.05078125 0.08671875
4 0.27890625 0.2015625 0.053125 0.0671875
4 0.2390625 0.1203125 0.12734375 0.240625
4 0.1609375 0.14765625 0.125 0.2953125
4 0.04921875 0.0890625 0.0984375 0.1734375
4 0.003125 0.0296875 0.00625 0.059375
4 0.05546875 0.25390625 0.1109375 0.2046875
4 0.37109375 0.0359375 0.05078125 0.071875
4 0.334375 0.07109375 0.115625 0.1421875
4 0.39921875 0.1703125 0.25 0.3171875
4 0.39921875 0.32578125 0.0765625 0.103125
4 0.4828125 0.00703125 0.0625 0.009375
4 0.49296875 0.02890625 0.178125 0.053125
4 0.3390625 0.3234375 0.071875 0.0984375
4 0.2640625 0.43984375 0.14921875 0.2359375
4 0.22578125 0.29296875 0.1109375 0.16796875
4 0.22578125 0.65625 0.14453125 0.20703125
4 0.4984375 0.49765625 0.996875 0.9953125