4 0.6421875 0.88671875 0.6109375 0.1203125
4 0.36328125 0.8859375 0.0671875 0.05546875
4 0.396875 0.7328125 0.1203125 0.0578125
4 0.63671875 0.73046875 0.60546875 0.1203125
4 0.634375 0.58203125 0.6203125 0.1109375
4 0.365625 0.58046875 0.08203125 0.05078125
4 0.3765625 0.4328125 0.09375 0.0578125
4 0.6421875 0.43046875 0.6109375 0.1109375
4 0.37265625 0.25859375 0.071875 0.05078125
4 0.6359375 0.26171875 0.5984375 0.115625
4 0.37109375 0.10234375 0.09375 0.05078125
4 0.63203125 0.103125 0.615625 0.1109375