4 0.6546875 0.81015625 0.07421875 0.10546875
4 0.678125 0.90859375 0.09140625 0.1203125
4 0.7703125 0.91796875 0.09375 0.1203125
4 0.8609375 0.896875 0.08671875 0.10546875
4 0.94609375 0.8890625 0.09375 0.10078125
4 0.89453125 0.771875 0.09140625 0.1203125
4 0.8125 0.77890625 0.0765625 0.10546875
4 0.7359375 0.78125 0.0765625 0.10078125
4 0.209375 0.4828125 0.1921875 0.65859375
4 0.0875 0.40859375 0.13203125 0.64453125
4 0.18515625 0.14765625 0.1109375 0.2328125
4 0.27265625 0.20703125 0.11328125 0.25
4 0.38671875 0.475 0.14921875 0.67578125
4 0.540625 0.45703125 0.16796875 0.65859375
4 0.44140625 0.19609375 0.11328125 0.23828125
4 0.35078125 0.12109375 0.1109375 0.2234375
4 0.5171875 0.125 0.1109375 0.20703125
4 0.62265625 0.37734375 0.1109375 0.6203125