4 0.94375 0.09765625 0.1078125 0.19453125
4 0.85703125 0.4984375 0.2796875 0.996875
4 0.65859375 0.18046875 0.16796875 0.16328125
4 0.43984375 0.2359375 0.134375 0.1296875
4 0.28984375 0.27421875 0.11328125 0.1109375
4 0.17578125 0.3015625 0.10078125 0.0984375
4 0.084375 0.3171875 0.071875 0.0765625
4 0.6234375 0.54453125 0.36796875 0.9015625
4 0.39921875 0.58203125 0.27421875 0.8265625
4 0.25 0.6109375 0.20703125 0.76953125
4 0.15234375 0.6203125 0.15625 0.75
4 0.071875 0.63671875 0.10546875 0.71640625