4 0.375 0.8796875 0.5625 0.14921875
4 0.28828125 0.7546875 0.4421875 0.1390625
4 0.26953125 0.615625 0.46171875 0.14921875
4 0.25 0.490625 0.4421875 0.14453125
4 0.23046875 0.36796875 0.45703125 0.1390625
4 0.87265625 0.66484375 0.14453125 0.103125
4 0.8125 0.91015625 0.20703125 0.17578125
4 0.16796875 0.88671875 0.1390625 0.08203125
4 0.1390625 0.74296875 0.14453125 0.071875
4 0.1109375 0.6109375 0.134375 0.08203125
4 0.09375 0.490625 0.1296875 0.0765625
4 0.06484375 0.36328125 0.1203125 0.0671875
4 0.58671875 0.74609375 0.53828125 0.1703125
4 0.703125 0.52421875 0.396875 0.2546875
4 0.84140625 0.45703125 0.1296875 0.1203125
4 0.7984375 0.31015625 0.134375 0.10546875
4 0.740625 0.1828125 0.125 0.1203125
4 0.69921875 0.06484375 0.115625 0.1203125
4 0.66796875 0.41484375 0.384375 0.31953125
4 0.63671875 0.3015625 0.33671875 0.3484375
4 0.5890625 0.16015625 0.33671875 0.31953125