4 0.7921875 0.4703125 0.17578125 0.478125
4 0.7234375 0.3296875 0.28359375 0.259375
4 0.48203125 0.446875 0.19453125 0.6203125
4 0.3171875 0.4796875 0.1921875 0.584375
4 0.2171875 0.4953125 0.0890625 0.4515625
4 0.1421875 0.48828125 0.08671875 0.4515625
4 0.3125 0.8390625 0.053125 0.0625
4 0.30625 0.75234375 0.11796875 0.259375
4 0.45078125 0.6875 0.06953125 0.20703125
4 0.396875 0.68984375 0.0625 0.1875
4 0.509375 0.7234375 0.071875 0.0671875
4 0.3125 0.734375 0.071875 0.07421875
4 0.22578125 0.6828125 0.053125 0.0625
4 0.15625 0.678125 0.04296875 0.0484375
4 0.5625 0.69921875 0.053125 0.08203125
4 0.665625 0.728125 0.03359375 0.0484375
4 0.646875 0.5796875 0.0765625 0.3609375
4 0.709375 0.68046875 0.0765625 0.23046875
4 0.7015625 0.7546875 0.053125 0.0578125
4 0.7953125 0.67421875 0.0625 0.09375