4 0.33046875 0.365625 0.103125 0.0484375
4 0.3140625 0.51171875 0.103125 0.0484375
4 0.67890625 0.3015625 0.0984375 0.06484375
4 0.7484375 0.34140625 0.0984375 0.0671875
4 0.821875 0.10078125 0.071875 0.0671875
4 0.94375 0.4109375 0.103125 0.0578125
4 0.93984375 0.1609375 0.0765625 0.0578125
4 0.90390625 0.7328125 0.08203125 0.0625
4 0.66484375 0.59609375 0.103125 0.0484375
4 0.4421875 0.7171875 0.0765625 0.05078125
4 0.4328125 0.85078125 0.04296875 0.071875
4 0.05078125 0.8296875 0.0765625 0.04296875
4 0.7765625 0.86875 0.08671875 0.06484375
4 0.89921875 0.94375 0.08203125 0.05546875
4 0.56640625 0.1921875 0.584375 0.28359375
4 0.240625 0.08984375 0.1875 0.1703125
4 0.08203125 0.084375 0.15390625 0.15859375
4 0.1390625 0.5109375 0.26953125 0.69453125
4 0.5171875 0.18515625 0.6734375 0.27890625
4 0.24765625 0.08984375 0.196875 0.1703125
4 0.6078125 0.0296875 0.5140625 0.05078125
4 0.9 0.021875 0.06015625 0.03359375
4 0.928125 0.0328125 0.1390625 0.06015625
4 0.928125 0.328125 0.1390625 0.228125
4 0.928125 0.1359375 0.1390625 0.1609375
4 0.50859375 0.48046875 0.459375 0.4234375
4 0.26953125 0.84609375 0.4234375 0.303125
4 0.47578125 0.91015625 0.33203125 0.17578125
4 0.5984375 0.88359375 0.2453125 0.228125
4 0.76328125 0.90859375 0.103125 0.16796875
4 0.56640625 0.728125 0.18046875 0.08203125
4 0.8921875 0.92578125 0.21171875 0.14453125
4 0.95390625 0.8 0.0921875 0.096875
4 0.87890625 0.625 0.23828125 0.27890625
4 0.9625 0.65 0.06953125 0.05078125
4 0.93515625 0.665625 0.1296875 0.1828125
4 0.86796875 0.46171875 0.2453125 0.04296875
4 0.875 0.33203125 0.2453125 0.21640625
4 0.78828125 0.7453125 0.3171875 0.20703125
4 0.75859375 0.6625 0.478125 0.34375
4 0.0796875 0.609375 0.14921875 0.1421875
4 0.49921875 0.50078125 0.9953125 0.9984375