4 0.9421875 0.89453125 0.1109375 0.20703125
4 0.87109375 0.87734375 0.06953125 0.1734375
4 0.8015625 0.8578125 0.06953125 0.16796875
4 0.5828125 0.81953125 0.103125 0.20703125
4 0.48671875 0.88828125 0.0984375 0.21875
4 0.4828125 0.709375 0.1296875 0.2015625
4 0.11796875 0.82109375 0.1203125 0.18984375
4 0.0796875 0.1109375 0.14453125 0.20703125
4 0.21640625 0.0375 0.071875 0.06015625
4 0.21171875 0.14921875 0.134375 0.2015625
4 0.13828125 0.16796875 0.103125 0.178125
4 0.134375 0.30390625 0.14453125 0.2140625
4 0.0625 0.3390625 0.09609375 0.16796875
4 0.0484375 0.2125 0.03359375 0.0890625
4 0.03515625 0.44140625 0.06015625 0.26171875
4 0.09609375 0.5359375 0.134375 0.22578125
4 0.06015625 0.68046875 0.08203125 0.14453125
4 0.0265625 0.696875 0.0484375 0.14453125
4 0.03125 0.81015625 0.0578125 0.1296875
4 0.05625 0.89921875 0.06015625 0.1296875
4 0.0140625 0.9234375 0.01953125 0.10546875
4 0.14765625 0.9421875 0.11796875 0.1109375
4 0.271875 0.8890625 0.10546875 0.196875
4 0.28359375 0.69609375 0.10546875 0.2140625
4 0.18125 0.63359375 0.11328125 0.18515625
4 0.19921875 0.475 0.09609375 0.13671875
4 0.28359375 0.41796875 0.1203125 0.22578125
4 0.24296875 0.30625 0.0765625 0.11328125
4 0.353125 0.30546875 0.134375 0.27421875
4 0.35 0.18125 0.11328125 0.1609375
4 0.3140625 0.04296875 0.11328125 0.071875
4 0.3125 0.10546875 0.115625 0.10078125
4 0.3953125 0.50234375 0.103125 0.1734375
4 0.36796875 0.5921875 0.08203125 0.13671875
4 0.3578125 0.75234375 0.08203125 0.1734375
4 0.37109375 0.91484375 0.0984375 0.165625
4 0.61171875 0.93046875 0.1515625 0.134375
4 0.7171875 0.95078125 0.103125 0.09375
4 0.71171875 0.834375 0.14453125 0.22578125
4 0.72109375 0.59609375 0.196875 0.321875
4 0.634375 0.56484375 0.08671875 0.16796875
4 0.671875 0.29296875 0.103125 0.16796875
4 0.65390625 0.390625 0.08203125 0.1609375
4 0.584375 0.321875 0.125 0.33203125
4 0.56015625 0.0875 0.10546875 0.1609375
4 0.47578125 0.084375 0.0765625 0.15390625
4 0.42421875 0.10234375 0.11328125 0.18984375
4 0.46640625 0.2296875 0.10078125 0.1609375
4 0.4640625 0.37265625 0.10078125 0.1734375
4 0.45703125 0.5265625 0.08671875 0.1734375
4 0.546875 0.5359375 0.11328125 0.2015625
4 0.5828125 0.6203125 0.09375 0.15390625
4 0.95078125 0.6546875 0.09375 0.18046875
4 0.8390625 0.59375 0.14921875 0.29296875
4 0.75390625 0.40859375 0.146875 0.196875
4 0.9046875 0.3703125 0.15625 0.27421875
4 0.9234375 0.28359375 0.14921875 0.35546875
4 0.85078125 0.1140625 0.071875 0.2140625
4 0.7640625 0.134375 0.15859375 0.2546875
4 0.92578125 0.0640625 0.0765625 0.11328125
4 0.65 0.11796875 0.09375 0.22109375
4 0.77421875 0.25859375 0.125 0.18515625
4 0.5 0.5015625 0.9953125 0.99296875