4 0.4984375 0.50078125 0.996875 0.9921875
4 0.928125 0.09609375 0.134375 0.16796875
4 0.93515625 0.021875 0.1203125 0.02890625
4 0.83203125 0.06484375 0.09140625 0.1203125
4 0.72578125 0.0375 0.1109375 0.06484375
4 0.66796875 0.0765625 0.09609375 0.14453125
4 0.7984375 0.1578125 0.115625 0.19453125
4 0.97578125 0.2140625 0.03828125 0.14453125
4 0.91953125 0.24375 0.06015625 0.07421875
4 0.88828125 0.28828125 0.06484375 0.125
4 0.83203125 0.271875 0.10078125 0.09140625
4 0.73828125 0.2953125 0.08671875 0.14921875
4 0.71875 0.209375 0.04296875 0.115625
4 0.6703125 0.196875 0.1296875 0.09609375
4 0.54296875 0.2015625 0.134375 0.10546875
4 0.521875 0.10546875 0.09140625 0.14921875
4 0.5890625 0.071875 0.08671875 0.134375
4 0.4578125 0.0578125 0.18515625 0.10546875
4 0.9078125 0.384375 0.17578125 0.08203125
4 0.95703125 0.30546875 0.08203125 0.10078125
4 0.9578125 0.4515625 0.07421875 0.04296875
4 0.94921875 0.51796875 0.09140625 0.06484375
4 0.88671875 0.51953125 0.15390625 0.15390625
4 0.79921875 0.46875 0.07421875 0.125
4 0.78359375 0.3703125 0.09609375 0.1109375
4 0.9734375 0.58984375 0.04296875 0.06953125
4 0.9578125 0.6390625 0.07421875 0.1109375
4 0.93515625 0.75703125 0.1109375 0.134375
4 0.9578125 0.8890625 0.06484375 0.10078125
4 0.978125 0.83046875 0.03359375 0.06953125
4 0.9640625 0.9640625 0.0671875 0.0671875
4 0.89765625 0.91328125 0.06484375 0.115625
4 0.8796875 0.7921875 0.1390625 0.19453125
4 0.84140625 0.7390625 0.1203125 0.103125
4 0.83203125 0.665625 0.1203125 0.1203125
4 0.79453125 0.625 0.06015625 0.08203125
4 0.740625 0.55078125 0.1296875 0.1203125
4 0.7296875 0.47578125 0.06953125 0.08203125
4 0.6875 0.41796875 0.10546875 0.10546875
4 0.634375 0.375 0.1296875 0.1296875
4 0.69140625 0.334375 0.06953125 0.09609375
4 0.60078125 0.2953125 0.16796875 0.1109375
4 0.4109375 0.1734375 0.1109375 0.134375
4 0.321875 0.0765625 0.08671875 0.14453125
4 0.26171875 0.0453125 0.10546875 0.08203125
4 0.165625 0.05546875 0.10078125 0.10078125
4 0.08984375 0.0484375 0.06953125 0.08671875
4 0.0328125 0.0453125 0.06484375 0.08203125
4 0.74375 0.953125 0.0890625 0.0890625
4 0.81640625 0.95546875 0.084375 0.084375
4 0.77890625 0.87265625 0.08671875 0.09609375
4 0.73046875 0.82109375 0.03828125 0.0796875
4 0.696875 0.78125 0.08671875 0.1203125
4 0.66328125 0.68984375 0.09609375 0.1390625
4 0.59375 0.65625 0.08671875 0.10078125
4 0.58203125 0.55078125 0.09140625 0.1203125
4 0.54296875 0.48046875 0.09609375 0.10078125
4 0.57421875 0.44921875 0.09140625 0.09140625
4 0.4953125 0.3796875 0.08203125 0.09140625
4 0.45078125 0.31953125 0.06953125 0.1109375
4 0.38125 0.27890625 0.06953125 0.115625
4 0.30859375 0.18046875 0.06484375 0.10078125
4 0.25859375 0.14453125 0.05546875 0.10546875
4 0.2125 0.125 0.06484375 0.09140625
4 0.14453125 0.16796875 0.08671875 0.08671875
4 0.1390625 0.1109375 0.10078125 0.08203125
4 0.0578125 0.13203125 0.08671875 0.115625
4 0.021875 0.12734375 0.03828125 0.115625
4 0.06015625 0.23046875 0.1109375 0.1203125
4 0.146875 0.2328125 0.1109375 0.08671875
4 0.22109375 0.228125 0.08203125 0.09609375
4 0.2234375 0.27421875 0.115625 0.08671875
4 0.271875 0.3078125 0.09140625 0.125
4 0.334375 0.32421875 0.09609375 0.1296875
4 0.35546875 0.40390625 0.10078125 0.115625
4 0.40625 0.428125 0.09140625 0.15390625
4 0.384375 0.509375 0.1203125 0.10078125
4 0.4640625 0.55078125 0.134375 0.1203125
4 0.428125 0.62265625 0.125 0.09609375
4 0.52421875 0.65625 0.08671875 0.10078125
4 0.44921875 0.7328125 0.14921875 0.115625
4 0.5265625 0.775 0.09140625 0.18046875
4 0.59609375 0.7765625 0.1109375 0.1109375
4 0.584375 0.875 0.125 0.1390625
4 0.66796875 0.9203125 0.115625 0.15859375
4 0.55859375 0.93359375 0.146875 0.12734375
4 0.4625 0.91796875 0.07421875 0.16328125
4 0.446875 0.8265625 0.09609375 0.08671875
4 0.3859375 0.93359375 0.103125 0.12734375
4 0.3765625 0.821875 0.06015625 0.134375
4 0.33046875 0.803125 0.06015625 0.08671875
4 0.3484375 0.72578125 0.09609375 0.1109375
4 0.31953125 0.6765625 0.08203125 0.06953125
4 0.31484375 0.6265625 0.1109375 0.06953125
4 0.271875 0.5890625 0.10078125 0.04296875
4 0.2765625 0.50234375 0.1109375 0.125
4 0.2359375 0.4375 0.10078125 0.10546875
4 0.19921875 0.365625 0.10078125 0.09140625
4 0.08671875 0.34140625 0.15859375 0.1390625
4 0.0921875 0.4875 0.184375 0.153125
4 0.14921875 0.56640625 0.14453125 0.18046875
4 0.14921875 0.6546875 0.29296875 0.18984375
4 0.17890625 0.86875 0.3578125 0.25703125