4 0.0984375 0.1078125 0.1875 0.115625
4 0.0953125 0.03359375 0.18046875 0.053125
4 0.0484375 0.18359375 0.08671875 0.0265625
4 0.02890625 0.2484375 0.0484375 0.12265625
4 0.12734375 0.2015625 0.09609375 0.09609375
4 0.2390625 0.03984375 0.13203125 0.06953125
4 0.28359375 0.0984375 0.196875 0.1875
4 0.2078125 0.4375 0.18515625 0.45703125
4 0.0515625 0.4203125 0.09375 0.3078125
4 0.0609375 0.32421875 0.11328125 0.115625
4 0.1078125 0.41796875 0.09609375 0.240625
4 0.196875 0.646875 0.16796875 0.3890625
4 0.06875 0.6203125 0.12734375 0.15390625
4 0.0953125 0.68984375 0.18046875 0.1109375
4 0.0828125 0.853125 0.15625 0.20703125
4 0.1546875 0.91796875 0.25234375 0.16328125
4 0.0734375 0.83046875 0.13671875 0.2765625
4 0.3125 0.8734375 0.2015625 0.24765625
4 0.30859375 0.62265625 0.13671875 0.34140625
4 0.3265625 0.259375 0.125 0.40859375
4 0.41484375 0.2171875 0.15625 0.42578125
4 0.56015625 0.05078125 0.1203125 0.09140625
4 0.515625 0.2171875 0.13203125 0.3296875
4 0.5203125 0.55390625 0.1515625 0.37265625
4 0.44140625 0.5890625 0.17578125 0.39921875
4 0.42578125 0.734375 0.125 0.31953125
4 0.43046875 0.959375 0.1109375 0.0765625
4 0.59375 0.821875 0.3265625 0.29296875
4 0.63125 0.7171875 0.25234375 0.2234375
4 0.9015625 0.8109375 0.1921875 0.271875
4 0.82421875 0.87890625 0.22578125 0.23828125
4 0.7828125 0.95546875 0.0890625 0.084375
4 0.6984375 0.959375 0.103125 0.0765625
4 0.68125 0.875 0.084375 0.134375
4 0.94609375 0.946875 0.103125 0.10078125
4 0.95625 0.8265625 0.0875 0.196875
4 0.82421875 0.74609375 0.134375 0.07421875
4 0.8546875 0.65390625 0.2046875 0.1390625
4 0.975 0.634375 0.0453125 0.1296875
4 0.90859375 0.30546875 0.178125 0.52890625
4 0.915625 0.07109375 0.15859375 0.12734375
4 0.68125 0.21171875 0.3296875 0.303125
4 0.67578125 0.09765625 0.125 0.18046875
4 0.77421875 0.07421875 0.125 0.1390625
4 0.821875 0.40234375 0.196875 0.31484375
4 0.6765625 0.4671875 0.24765625 0.2234375
4 0.62734375 0.68984375 0.240625 0.259375
4 0.87109375 0.23203125 0.1078125 0.37734375
4 0.5 0.5 0.9953125 0.9953125