4 0.91796875 0.9359375 0.15390625 0.084375
4 0.821875 0.9625 0.34609375 0.06953125
4 0.6703125 0.94921875 0.053125 0.03828125
4 0.66796875 0.9546875 0.15390625 0.08671875
4 0.63203125 0.85546875 0.071875 0.0484375
4 0.5765625 0.97265625 0.10546875 0.05078125
4 0.47578125 0.96484375 0.10546875 0.06484375
4 0.3609375 0.97109375 0.10078125 0.03828125
4 0.24140625 0.959375 0.18515625 0.0765625
4 0.1078125 0.96015625 0.178125 0.07421875
4 0.1203125 0.89296875 0.2015625 0.07421875
4 0.27421875 0.90625 0.09609375 0.0625
4 0.3578125 0.91328125 0.15390625 0.0671875
4 0.43515625 0.87734375 0.1203125 0.08203125
4 0.55078125 0.9 0.125 0.09375
4 0.66796875 0.865625 0.10546875 0.09609375
4 0.8125 0.86640625 0.22109375 0.1078125
4 0.76171875 0.915625 0.08203125 0.04296875
4 0.9390625 0.85078125 0.11328125 0.08671875
4 0.9734375 0.80625 0.04296875 0.06015625
4 0.8640625 0.7703125 0.26171875 0.1609375
4 0.55625 0.74296875 0.1609375 0.15390625
4 0.70703125 0.6453125 0.196875 0.23828125
4 0.68125 0.7859375 0.11328125 0.0625
4 0.4734375 0.78359375 0.26953125 0.1734375
4 0.3609375 0.78359375 0.26953125 0.240625
4 0.15234375 0.6890625 0.3046875 0.353125
4 0.11328125 0.7828125 0.22578125 0.25703125
4 0.021875 0.82421875 0.04296875 0.10078125
4 0.0484375 0.52421875 0.071875 0.02890625
4 0.43515625 0.68515625 0.08203125 0.0484375
4 0.47109375 0.615625 0.08203125 0.03359375
4 0.59609375 0.646875 0.071875 0.0484375
4 0.5765625 0.6140625 0.15390625 0.103125
4 0.56015625 0.478125 0.27421875 0.3078125
4 0.45703125 0.665625 0.14921875 0.08203125
4 0.4109375 0.74609375 0.15390625 0.146875
4 0.396875 0.584375 0.0765625 0.04296875
4 0.40625 0.509375 0.14453125 0.196875
4 0.446875 0.3890625 0.178125 0.1390625
4 0.459375 0.44453125 0.08203125 0.04296875
4 0.27734375 0.5625 0.18515625 0.20703125
4 0.18984375 0.61171875 0.2015625 0.18046875
4 0.9109375 0.08671875 0.16796875 0.16796875
4 0.96484375 0.21875 0.06015625 0.09609375
4 0.86796875 0.2765625 0.2546875 0.09140625
4 0.96875 0.3390625 0.053125 0.071875
4 0.834375 0.3578125 0.27421875 0.08671875
4 0.9234375 0.43359375 0.14453125 0.103125
4 0.95703125 0.51953125 0.0765625 0.08671875
4 0.9515625 0.603125 0.08203125 0.03828125
4 0.9734375 0.625 0.04296875 0.0578125
4 0.80390625 0.56953125 0.18984375 0.1390625
4 0.896875 0.65859375 0.196875 0.071875
4 0.84375 0.7125 0.10078125 0.09375
4 0.84609375 0.5 0.2984375 0.16328125
4 0.67578125 0.4234375 0.20703125 0.28828125
4 0.75390625 0.1421875 0.4109375 0.134375
4 0.71171875 0.07421875 0.196875 0.1390625
4 0.52421875 0.13203125 0.1203125 0.053125
4 0.4859375 0.05546875 0.0765625 0.053125
4 0.2453125 0.23046875 0.08203125 0.04296875
4 0.08046875 0.04453125 0.0890625 0.0265625
4 0.0328125 0.06484375 0.06484375 0.03828125
4 0.10546875 0.12890625 0.10078125 0.06953125
4 0.2015625 0.31484375 0.071875 0.0484375
4 0.03828125 0.39453125 0.0765625 0.0484375
4 0.57109375 0.13203125 0.18984375 0.259375
4 0.43984375 0.30078125 0.22578125 0.125
4 0.31484375 0.3609375 0.1296875 0.0765625
4 0.30546875 0.4234375 0.1296875 0.053125
4 0.01171875 0.48515625 0.0234375 0.0390625
4 0.17578125 0.428125 0.3265625 0.1734375
4 0.10078125 0.3296875 0.178125 0.1296875
4 0.12265625 0.275 0.2453125 0.12734375
4 0.14296875 0.209375 0.2859375 0.1109375
4 0.384375 0.1203125 0.303125 0.1828125
4 0.2765625 0.08671875 0.2453125 0.16796875
4 0.17578125 0.04296875 0.125 0.0765625
4 0.06640625 0.1140625 0.13203125 0.19453125
4 0.33203125 0.28359375 0.196875 0.1828125
4 0.44453125 0.18359375 0.125 0.09375
4 0.49765625 0.5 0.9953125 0.9953125