4 0.603125 0.77890625 0.571875 0.1921875
4 0.6109375 0.48046875 0.6875 0.21171875
4 0.43046875 0.7015625 0.40390625 0.08671875
4 0.44921875 0.64921875 0.35078125 0.10546875
4 0.53984375 0.56015625 0.5453125 0.10546875
4 0.59140625 0.31484375 0.66328125 0.1875
4 0.6109375 0.22109375 0.59609375 0.09140625
4 0.57421875 0.125 0.4859375 0.16796875
4 0.7671875 0.71171875 0.27421875 0.2984375
4 0.3578125 0.78984375 0.09140625 0.06953125
4 0.2640625 0.69609375 0.0578125 0.05546875
4 0.296875 0.65234375 0.0453125 0.0359375
4 0.3390625 0.5578125 0.09140625 0.053125
4 0.30859375 0.5 0.084375 0.0765625
4 0.28828125 0.303125 0.0578125 0.0671875
4 0.3484375 0.2171875 0.071875 0.05546875
4 0.35078125 0.14921875 0.053125 0.04296875