4 0.49296875 0.9125 0.90859375 0.11796875
4 0.0796875 0.91015625 0.0671875 0.0453125
4 0.07421875 0.759375 0.0671875 0.0484375
4 0.2359375 0.6078125 0.071875 0.0578125
4 0.23828125 0.4734375 0.09140625 0.0671875
4 0.2453125 0.35234375 0.09140625 0.07421875
4 0.11875 0.21640625 0.0796875 0.03828125
4 0.10546875 0.0796875 0.0671875 0.03828125
4 0.56953125 0.6046875 0.740625 0.11328125
4 0.49296875 0.7609375 0.90859375 0.11796875
4 0.57421875 0.47578125 0.75 0.115625
4 0.56953125 0.34765625 0.740625 0.0984375
4 0.509375 0.21875 0.8609375 0.10546875
4 0.509375 0.07578125 0.875 0.11328125