4 0.853125 0.7359375 0.1828125 0.4953125
4 0.9546875 0.71875 0.08671875 0.3265625
4 0.95703125 0.46875 0.08203125 0.2453125
4 0.80546875 0.4515625 0.2359375 0.27421875
4 0.853125 0.26796875 0.1203125 0.18984375
4 0.86328125 0.08671875 0.16796875 0.1734375
4 0.9234375 0.24765625 0.1203125 0.2546875
4 0.71640625 0.14453125 0.16796875 0.25
4 0.6515625 0.06015625 0.21171875 0.1203125
4 0.51875 0.11875 0.15 0.2375
4 0.56015625 0.23671875 0.15859375 0.31484375
4 0.47734375 0.44140625 0.2328125 0.26171875
4 0.625 0.4375 0.08203125 0.14921875
4 0.6078125 0.51171875 0.053125 0.0484375
4 0.34765625 0.646875 0.19921875 0.303125
4 0.41796875 0.83203125 0.3796875 0.3265625
4 0.64453125 0.9390625 0.1390625 0.11328125
4 0.728125 0.8890625 0.2359375 0.20703125
4 0.13203125 0.85546875 0.2640625 0.27890625
4 0.16328125 0.625 0.2359375 0.27421875
4 0.290625 0.28125 0.375 0.41796875
4 0.42265625 0.071875 0.1390625 0.14375
4 0.30078125 0.05546875 0.15390625 0.10546875
4 0.18984375 0.06015625 0.08671875 0.1203125
4 0.11328125 0.05546875 0.08671875 0.10546875
4 0.05546875 0.10078125 0.1109375 0.2015625
4 0.13125 0.30546875 0.2328125 0.3796875
4 0.03359375 0.2875 0.0671875 0.26171875
4 0.06484375 0.56875 0.125 0.38671875
4 0.5 0.49765625 0.9953125 0.9953125