4 0.6390625 0.03125 0.28359375 0.0578125
4 0.3859375 0.103125 0.75703125 0.196875
4 0.37109375 0.2390625 0.728125 0.28125
4 0.3484375 0.4578125 0.6828125 0.415625
4 0.6515625 0.33203125 0.29296875 0.1203125
4 0.5828125 0.50234375 0.37265625 0.21640625
4 0.36875 0.74296875 0.7234375 0.33203125
4 0.5890625 0.6421875 0.39453125 0.14921875
4 0.384375 0.8859375 0.759375 0.2234375
4 0.59375 0.96015625 0.39921875 0.07421875
4 0.7328125 0.02890625 0.08671875 0.0484375
4 0.71640625 0.11796875 0.08671875 0.1203125
4 0.68046875 0.2765625 0.1203125 0.134375
4 0.7546875 0.3296875 0.08671875 0.115625
4 0.6203125 0.4546875 0.1296875 0.16328125
4 0.71171875 0.490625 0.09140625 0.125
4 0.6703125 0.71640625 0.10546875 0.14453125
4 0.74296875 0.65859375 0.08671875 0.1203125
4 0.72109375 0.853125 0.09609375 0.1296875
4 0.74296875 0.9796875 0.08671875 0.0359375