4 0.8484375 0.6140625 0.09609375 0.37734375
4 0.8890625 0.5625 0.053125 0.39453125
4 0.91015625 0.5578125 0.05078125 0.40390625
4 0.9015625 0.375 0.02890625 0.0484375
4 0.884375 0.3890625 0.02890625 0.03359375
4 0.8484375 0.4421875 0.03828125 0.03359375
4 0.8171875 0.39296875 0.0484375 0.0984375
4 0.790625 0.4015625 0.0484375 0.08203125
4 0.7859375 0.603125 0.09609375 0.35546875
4 0.70078125 0.609375 0.084375 0.34375
4 0.68046875 0.4484375 0.04296875 0.0984375
4 0.71875 0.4171875 0.0625 0.1421875
4 0.62734375 0.41328125 0.0625 0.14921875
4 0.625 0.59375 0.0765625 0.365625
4 0.55546875 0.6265625 0.0765625 0.37734375
4 0.55390625 0.46171875 0.05078125 0.0484375
4 0.61796875 0.4421875 0.04296875 0.053125
4 0.68359375 0.43046875 0.0359375 0.0484375
4 0.703125 0.459375 0.05078125 0.053125
4 0.7125 0.3609375 0.0359375 0.04296875
4 0.78359375 0.38671875 0.03359375 0.03828125
4 0.80859375 0.36328125 0.0359375 0.03828125
4 0.625 0.3578125 0.03359375 0.03828125
4 0.59140625 0.41328125 0.03828125 0.08203125
4 0.59609375 0.428125 0.0484375 0.1203125
4 0.55390625 0.40859375 0.0359375 0.03828125
4 0.54921875 0.3390625 0.0359375 0.04296875
4 0.55078125 0.35078125 0.0484375 0.0765625
4 0.5140625 0.41953125 0.0484375 0.13671875
4 0.4859375 0.509375 0.03828125 0.053125
4 0.48046875 0.6390625 0.071875 0.3078125
4 0.47578125 0.53359375 0.0625 0.365625
4 0.47578125 0.37265625 0.02890625 0.04296875
4 0.44375 0.540625 0.084375 0.446875
4 0.43984375 0.390625 0.0625 0.13671875
4 0.4359375 0.2359375 0.0359375 0.04296875
4 0.32421875 0.2140625 0.04296875 0.04296875
4 0.21875 0.21875 0.04296875 0.04296875
4 0.11796875 0.2328125 0.0484375 0.0484375
4 0.11796875 0.45703125 0.0578125 0.09140625
4 0.17578125 0.4234375 0.04296875 0.03828125
4 0.18125 0.540625 0.0359375 0.053125
4 0.259375 0.578125 0.03828125 0.06015625
4 0.303125 0.3609375 0.04296875 0.04296875
4 0.4046875 0.4515625 0.0359375 0.0484375
4 0.40625 0.6046875 0.0765625 0.34375
4 0.3015625 0.5578125 0.15625 0.4375
4 0.26171875 0.66796875 0.071875 0.240625
4 0.18515625 0.65 0.0578125 0.26171875
4 0.18046875 0.59609375 0.0625 0.3703125
4 0.11796875 0.5921875 0.0671875 0.34375
4 0.11875 0.4625 0.0984375 0.49765625
4 0.2171875 0.34140625 0.0984375 0.28828125
4 0.32578125 0.3125 0.0984375 0.23046875
4 0.4328125 0.321875 0.1109375 0.20703125