4 0.87109375 0.63203125 0.084375 0.4421875
4 0.78359375 0.53828125 0.10546875 0.66328125
4 0.68984375 0.53828125 0.125 0.696875
4 0.584375 0.62265625 0.10078125 0.47578125
4 0.47265625 0.5046875 0.209375 0.66328125
4 0.353125 0.6453125 0.08203125 0.415625
4 0.2640625 0.50234375 0.10078125 0.6390625
4 0.1625 0.5171875 0.11796875 0.66328125
4 0.09375 0.6421875 0.09140625 0.446875
4 0.87265625 0.43515625 0.04296875 0.0484375
4 0.771875 0.2390625 0.0484375 0.06484375
4 0.6984375 0.21171875 0.05546875 0.053125
4 0.58671875 0.43515625 0.04296875 0.10078125
4 0.49765625 0.21171875 0.134375 0.08671875
4 0.35546875 0.459375 0.04296875 0.053125
4 0.259375 0.21015625 0.04296875 0.06484375
4 0.16796875 0.21171875 0.053125 0.053125
4 0.09140625 0.43515625 0.0484375 0.0484375