4 0.8171875 0.8890625 0.0765625 0.115625
4 0.7484375 0.9796875 0.07421875 0.0359375
4 0.71875 0.94921875 0.0578125 0.08671875
4 0.76796875 0.915625 0.040625 0.053125
4 0.7328125 0.88203125 0.071875 0.0578125
4 0.7640625 0.8375 0.071875 0.05546875
4 0.76796875 0.8015625 0.040625 0.0359375
4 0.8125 0.771875 0.0484375 0.0625
4 0.84140625 0.771875 0.01953125 0.01953125
4 0.85234375 0.74296875 0.040625 0.053125
4 0.8375 0.71875 0.0359375 0.0484375
4 0.853125 0.69375 0.0578125 0.0265625
4 0.85234375 0.66796875 0.103125 0.0484375
4 0.915625 0.65 0.0484375 0.0265625
4 0.9328125 0.62109375 0.08203125 0.06953125
4 0.94609375 0.584375 0.0359375 0.053125
4 0.93984375 0.546875 0.053125 0.05078125
4 0.9546875 0.49375 0.053125 0.05078125
4 0.9328125 0.44921875 0.071875 0.08203125
4 0.94921875 0.40859375 0.09140625 0.0671875
4 0.990625 0.36875 0.0140625 0.0265625
4 0.9421875 0.353125 0.0765625 0.04296875
4 0.92578125 0.31953125 0.0671875 0.0578125
4 0.8921875 0.27890625 0.08203125 0.09140625
4 0.87265625 0.2875 0.053125 0.05078125
4 0.92421875 0.2140625 0.040625 0.04296875
4 0.92578125 0.26171875 0.0578125 0.0625
4 0.95703125 0.2921875 0.0484375 0.05078125
4 0.97265625 0.31015625 0.05078125 0.0765625
4 0.98046875 0.24765625 0.03359375 0.071875
4 0.9703125 0.1671875 0.05546875 0.0890625
4 0.9703125 0.11171875 0.05546875 0.05546875
4 0.96171875 0.04296875 0.0578125 0.0765625
4 0.90625 0.0359375 0.09609375 0.0625
4 0.884375 0.071875 0.1203125 0.134375
4 0.88671875 0.125 0.09140625 0.0765625
4 0.915625 0.17578125 0.0484375 0.053125
4 0.8125 0.09609375 0.0765625 0.071875
4 0.7859375 0.03828125 0.0671875 0.0671875
4 0.740625 0.03125 0.0671875 0.053125
4 0.71015625 0.021875 0.0359375 0.03359375
4 0.62265625 0.2140625 0.1203125 0.2015625
4 0.60546875 0.115625 0.09609375 0.10078125
4 0.5625 0.0296875 0.125 0.05078125
4 0.5265625 0.025 0.01953125 0.0265625
4 0.49609375 0.0328125 0.040625 0.0265625
4 0.52890625 0.08203125 0.08671875 0.125
4 0.49296875 0.0109375 0.0484375 0.01171875
4 0.60078125 0.04921875 0.0765625 0.0890625
4 0.66484375 0.0265625 0.040625 0.04296875
4 0.71875 0.103125 0.0765625 0.1109375
4 0.678125 0.10546875 0.0578125 0.071875
4 0.68515625 0.18515625 0.08203125 0.09140625
4 0.43984375 0.053125 0.134375 0.09609375
4 0.37265625 0.10078125 0.16328125 0.1921875
4 0.19375 0.06875 0.1703125 0.12734375
4 0.134375 0.1078125 0.053125 0.03828125
4 0.13671875 0.259375 0.22109375 0.1296875
4 0.03359375 0.1265625 0.0578125 0.165625
4 0.0796875 0.0359375 0.14921875 0.0625
4 0.0734375 0.1734375 0.11328125 0.14921875
4 0.2328125 0.09765625 0.21640625 0.18515625
4 0.2765625 0.2234375 0.09609375 0.134375
4 0.39921875 0.20703125 0.14921875 0.071875
4 0.3609375 0.265625 0.14453125 0.12734375
4 0.396875 0.24609375 0.0625 0.05078125
4 0.4828125 0.321875 0.09609375 0.08671875
4 0.47109375 0.26953125 0.0765625 0.04296875
4 0.4890625 0.23828125 0.03125 0.01953125
4 0.48828125 0.20703125 0.0671875 0.04296875
4 0.46875 0.1421875 0.0625 0.08203125
4 0.52421875 0.165625 0.0765625 0.08203125
4 0.58984375 0.33671875 0.1078125 0.08671875
4 0.59609375 0.2875 0.08671875 0.05078125
4 0.53359375 0.3703125 0.0484375 0.071875
4 0.52421875 0.40859375 0.1296875 0.10546875
4 0.38671875 0.34765625 0.20703125 0.06953125
4 0.2328125 0.3171875 0.08203125 0.0625
4 0.31484375 0.290625 0.08203125 0.0625
4 0.10078125 0.328125 0.1921875 0.1078125
4 0.12265625 0.39921875 0.1203125 0.10546875
4 0.23828125 0.396875 0.125 0.09609375
4 0.38125 0.4203125 0.18515625 0.1390625
4 0.29921875 0.45703125 0.11328125 0.053125
4 0.0921875 0.51953125 0.17578125 0.134375
4 0.1671875 0.475 0.0359375 0.03125
4 0.05625 0.4625 0.103125 0.06953125
4 0.03359375 0.446875 0.0578125 0.03359375
4 0.02890625 0.67578125 0.0484375 0.03359375
4 0.12265625 0.5671875 0.23046875 0.25
4 0.115625 0.6203125 0.22109375 0.22109375
4 0.06953125 0.740625 0.1296875 0.14453125
4 0.025 0.89453125 0.040625 0.03359375
4 0.08671875 0.821875 0.15859375 0.178125
4 0.03359375 0.9640625 0.0578125 0.04296875
4 0.07421875 0.9109375 0.1390625 0.134375
4 0.1734375 0.93984375 0.22109375 0.09609375
4 0.1828125 0.87890625 0.08671875 0.07421875
4 0.24296875 0.86171875 0.08203125 0.06953125
4 0.35078125 0.7984375 0.15390625 0.09609375
4 0.4171875 0.75625 0.03125 0.0265625
4 0.3328125 0.8453125 0.0359375 0.0359375
4 0.38671875 0.8796875 0.071875 0.1390625
4 0.31953125 0.9109375 0.071875 0.16328125
4 0.21640625 0.95546875 0.1390625 0.084375
4 0.196875 0.75625 0.071875 0.05078125
4 0.30546875 0.7828125 0.01953125 0.0265625
4 0.2453125 0.80625 0.15859375 0.07421875
4 0.28828125 0.69921875 0.09140625 0.10078125
4 0.2453125 0.6453125 0.21171875 0.1703125
4 0.32578125 0.5421875 0.17578125 0.1078125
4 0.5 0.49765625 0.125 0.1734375
4 0.43359375 0.5171875 0.040625 0.03359375
4 0.42578125 0.5375 0.0671875 0.06953125
4 0.38125 0.584375 0.040625 0.02421875
4 0.3734375 0.65625 0.1078125 0.115625
4 0.33984375 0.6921875 0.17578125 0.15390625
4 0.44453125 0.6390625 0.09140625 0.14453125
4 0.4796875 0.5984375 0.040625 0.0484375
4 0.59140625 0.634375 0.2015625 0.14453125
4 0.625 0.515625 0.08203125 0.12734375
4 0.5765625 0.45703125 0.09140625 0.115625
4 0.6390625 0.384375 0.08203125 0.09609375
4 0.7015625 0.3375 0.09140625 0.0890625
4 0.7046875 0.2640625 0.0765625 0.0671875
4 0.44921875 0.765625 0.0625 0.1078125
4 0.49296875 0.7859375 0.0765625 0.1109375
4 0.46171875 0.9109375 0.15390625 0.1734375
4 0.3734375 0.9859375 0.0796875 0.02421875
4 0.56484375 0.8265625 0.14921875 0.09140625
4 0.634375 0.7953125 0.01953125 0.02421875
4 0.5171875 0.88125 0.09140625 0.06953125
4 0.603125 0.9078125 0.071875 0.146875
4 0.5671875 0.9859375 0.04296875 0.02421875
4 0.54453125 0.9484375 0.06953125 0.0984375
4 0.6359375 0.9671875 0.07421875 0.06015625
4 0.665625 0.884375 0.053125 0.115625
4 0.6828125 0.790625 0.0671875 0.15859375
4 0.584375 0.75 0.134375 0.125
4 0.6921875 0.95390625 0.053125 0.0921875
4 0.93125 0.73203125 0.13203125 0.13671875
4 0.6828125 0.78828125 0.0671875 0.15390625
4 0.75 0.74296875 0.08671875 0.1296875
4 0.71015625 0.74296875 0.0359375 0.02421875
4 0.72578125 0.69453125 0.0578125 0.1109375
4 0.75234375 0.6078125 0.09140625 0.0671875
4 0.7765625 0.65390625 0.0484375 0.04296875
4 0.834375 0.58515625 0.08671875 0.12734375
4 0.8765625 0.62109375 0.03125 0.03125
4 0.88125 0.5875 0.03125 0.03125
4 0.8921875 0.5671875 0.053125 0.02421875
4 0.89296875 0.5375 0.03125 0.03125
4 0.91015625 0.4671875 0.1078125 0.1078125
4 0.853125 0.4578125 0.0671875 0.05078125
4 0.84375 0.415625 0.09609375 0.0578125
4 0.8609375 0.36875 0.071875 0.05078125
4 0.834375 0.30546875 0.0671875 0.08671875
4 0.80078125 0.24296875 0.053125 0.0578125
4 0.84609375 0.18515625 0.09140625 0.08203125
4 0.77421875 0.18984375 0.09140625 0.053125
4 0.78515625 0.15 0.03125 0.0265625
4 0.77421875 0.2859375 0.053125 0.08671875
4 0.78359375 0.36640625 0.134375 0.1078125
4 0.740625 0.3921875 0.0765625 0.0578125
4 0.709375 0.49375 0.09609375 0.0890625
4 0.74765625 0.44609375 0.0625 0.05078125
4 0.7015625 0.4234375 0.071875 0.071875
4 0.75 0.49140625 0.0578125 0.06953125
4 0.79921875 0.478125 0.040625 0.0671875
4 0.8171875 0.53984375 0.0578125 0.12734375
4 0.75234375 0.55390625 0.071875 0.05078125
4 0.68984375 0.5625 0.0671875 0.0671875
4 0.43515625 0.5 0.865625 0.9953125
4 0.90859375 0.33515625 0.178125 0.665625