1 0.170495 0.766481 0.304740 0.467037
4 0.402031 0.851435 0.253750 0.297130
1 0.143542 0.506250 0.215729 0.474167
4 0.897682 0.110278 0.111510 0.133704
1 0.120495 0.647222 0.087760 0.125000
4 0.383802 0.668380 0.150521 0.145093
1 0.313464 0.413565 0.108281 0.303981
1 0.769089 0.159907 0.125781 0.185000
4 0.772813 0.051667 0.202917 0.103333
4 0.883255 0.304352 0.233490 0.314444
4 0.661771 0.535278 0.174375 0.232593
1 0.373385 0.348611 0.317396 0.362222
4 0.253880 0.375370 0.130260 0.316111
1 0.062266 0.712731 0.102865 0.116574
