1 0.730990 0.838889 0.167917 0.322222
4 0.080833 0.206944 0.161667 0.413889
1 0.133203 0.727639 0.266406 0.187500
1 0.304297 0.884306 0.045469 0.231389
1 0.143672 0.911759 0.182448 0.176481
1 0.093099 0.373519 0.052448 0.067407
4 0.281693 0.342870 0.084531 0.117222
1 0.310781 0.250046 0.054375 0.153426
1 0.484323 0.283657 0.103125 0.307500
1 0.838151 0.685556 0.098802 0.405556
1 0.670990 0.817639 0.126458 0.283241
1 0.584349 0.948056 0.041198 0.103889
1 0.743385 0.693009 0.131979 0.321574
1 0.746224 0.316065 0.059635 0.122130
1 0.905911 0.737546 0.081510 0.308426
1 0.064896 0.472315 0.129792 0.157407
1 0.952526 0.644769 0.094948 0.235278
1 0.931328 0.843194 0.137344 0.313611
