1 0.032396 0.028426 0.064792 0.056852
1 0.887995 0.465556 0.224010 0.467778
1 0.245026 0.238657 0.101823 0.170278
4 0.261328 0.175417 0.200990 0.350833
1 0.385755 0.436759 0.078281 0.108519
1 0.540443 0.841528 0.045469 0.060648
1 0.641901 0.688102 0.138906 0.243241
1 0.768125 0.767361 0.190938 0.406389
1 0.260573 0.868704 0.104375 0.146667
1 0.369870 0.731435 0.270365 0.300648
1 0.388281 0.893565 0.185938 0.212870
1 0.487161 0.210185 0.045469 0.216481
1 0.590365 0.211759 0.180625 0.349630
4 0.953776 0.273333 0.092448 0.235741
