4 0.117031 0.536574 0.234062 0.284074
1 0.526276 0.674120 0.322031 0.305278
1 0.378229 0.781667 0.176771 0.320926
1 0.897708 0.653657 0.204479 0.170463
1 0.277500 0.724861 0.033542 0.048241
1 0.695234 0.806713 0.073490 0.154907
1 0.895807 0.377315 0.112031 0.169444
1 0.844922 0.730972 0.310156 0.230833
4 0.534245 0.450139 0.155990 0.436574
4 0.375339 0.163009 0.410260 0.326019
1 0.193125 0.811806 0.252812 0.376389
1 0.291042 0.470926 0.121250 0.257593
4 0.927500 0.483657 0.145104 0.320093
1 0.695417 0.398009 0.168229 0.300833
