1 0.971901 0.963194 0.056198 0.073426
4 0.920807 0.719398 0.158385 0.490278
1 0.670677 0.903056 0.153958 0.193889
1 0.030911 0.603657 0.061823 0.138611
1 0.396797 0.143981 0.085052 0.129444
1 0.191198 0.782870 0.143125 0.092037
1 0.414714 0.490185 0.143073 0.368519
1 0.442266 0.232361 0.056406 0.132500
4 0.549349 0.099167 0.378385 0.198333
1 0.916667 0.157083 0.146667 0.306019
1 0.846224 0.317407 0.146927 0.212778
4 0.944297 0.455972 0.074531 0.081574
1 0.954583 0.384074 0.090833 0.195185
4 0.746901 0.589398 0.171406 0.285463
