4 0.915859 0.679398 0.168177 0.237130
1 0.763359 0.151574 0.125469 0.303148
4 0.864193 0.294398 0.271615 0.588796
4 0.650521 0.793889 0.063125 0.191296
1 0.482604 0.350741 0.192396 0.258889
1 0.339948 0.810926 0.278229 0.378148
1 0.151562 0.768426 0.303125 0.463148
4 0.301250 0.393750 0.186042 0.166204
4 0.240182 0.215046 0.230469 0.391389
1 0.695677 0.379444 0.067812 0.076667
1 0.667135 0.521898 0.050312 0.136204
4 0.533073 0.837454 0.146250 0.325093
1 0.779036 0.790509 0.085052 0.168426
1 0.827318 0.542222 0.345365 0.283704
1 0.670391 0.692130 0.064844 0.125741
