1 0.174635 0.504676 0.134375 0.355648
1 0.944792 0.721806 0.098958 0.080833
4 0.964661 0.480093 0.070677 0.088333
4 0.692656 0.115648 0.121250 0.231296
4 0.923672 0.345139 0.152656 0.226759
4 0.765703 0.033333 0.056823 0.066667
1 0.358151 0.596759 0.186719 0.261111
1 0.406953 0.751204 0.369740 0.497593
1 0.430443 0.968287 0.092448 0.063426
1 0.324609 0.857778 0.103490 0.207037
4 0.098073 0.282407 0.196146 0.196111
4 0.896042 0.566157 0.207917 0.302315
1 0.648099 0.550046 0.313802 0.484167
1 0.803516 0.456065 0.195469 0.108241
