1 0.514479 0.881806 0.165938 0.236389
4 0.130677 0.539537 0.247500 0.296481
4 0.950625 0.644537 0.098750 0.224630
4 0.944427 0.819537 0.111146 0.128148
4 0.746042 0.272176 0.100312 0.092130
1 0.914740 0.779444 0.170625 0.255556
1 0.859792 0.467778 0.093958 0.356667
4 0.142812 0.704444 0.254583 0.423519
4 0.266042 0.228333 0.059583 0.102407
1 0.059271 0.084398 0.118542 0.168796
1 0.088125 0.270509 0.141042 0.158611
4 0.112656 0.382454 0.143437 0.200278
4 0.723646 0.647963 0.263437 0.704074
1 0.843724 0.564769 0.039427 0.096019
