1 0.347734 0.682083 0.065260 0.065463
4 0.043646 0.381111 0.087292 0.244444
4 0.539609 0.039259 0.082240 0.078519
1 0.832552 0.799769 0.334896 0.400463
4 0.953880 0.432269 0.092240 0.163981
4 0.938516 0.229630 0.122969 0.345741
1 0.437344 0.673380 0.124896 0.217685
1 0.515104 0.911389 0.076250 0.177222
1 0.685625 0.452130 0.193646 0.312037
1 0.032786 0.223056 0.065573 0.112963
1 0.456927 0.026991 0.121042 0.053981
1 0.325547 0.391528 0.085365 0.271204
4 0.222109 0.603704 0.115677 0.154444
1 0.105312 0.668194 0.210625 0.406759
1 0.011641 0.740046 0.023281 0.187685
1 0.062396 0.551528 0.124792 0.564907
