1 0.077891 0.583148 0.155781 0.204444
1 0.599010 0.821944 0.072396 0.234259
1 0.045677 0.366620 0.091354 0.160463
4 0.275052 0.625231 0.188750 0.372870
1 0.887813 0.503565 0.096250 0.257870
1 0.561094 0.368796 0.096979 0.315000
1 0.499375 0.263241 0.027292 0.031481
1 0.538177 0.176250 0.084375 0.110463
1 0.733828 0.182037 0.233802 0.202407
1 0.964375 0.530046 0.071250 0.387685
1 0.493620 0.428750 0.052865 0.141019
1 0.831693 0.843704 0.145365 0.190741
1 0.950755 0.800417 0.097135 0.118981
4 0.318359 0.335231 0.231094 0.333796
