1 0.187135 0.730324 0.070938 0.108796
1 0.572578 0.585278 0.062448 0.137778
1 0.086458 0.176343 0.172917 0.344907
1 0.777135 0.790185 0.162396 0.273704
1 0.918203 0.745139 0.163594 0.261019
1 0.970417 0.076435 0.059167 0.152870
1 0.181953 0.872963 0.131198 0.254074
1 0.618698 0.399722 0.173333 0.342407
4 0.705547 0.321852 0.254635 0.445556
4 0.688750 0.483148 0.148021 0.255926
4 0.114870 0.285000 0.178281 0.218889
1 0.465833 0.366250 0.164167 0.319722
1 0.800234 0.636204 0.399531 0.727778
1 0.430391 0.099213 0.063490 0.126574
