1 0.588594 0.750556 0.067292 0.052963
1 0.580495 0.595509 0.098385 0.200463
1 0.124583 0.976481 0.050521 0.047037
4 0.502318 0.690324 0.254740 0.359167
1 0.168698 0.686667 0.079896 0.106481
1 0.880260 0.932269 0.059583 0.113611
1 0.950599 0.860509 0.041406 0.068056
1 0.821380 0.778657 0.199948 0.442685
4 0.401224 0.133611 0.027344 0.097222
1 0.402422 0.253333 0.070365 0.115185
1 0.408255 0.390139 0.158594 0.230093
1 0.288359 0.439722 0.162448 0.392407
4 0.512422 0.274213 0.165260 0.143241
1 0.326406 0.824537 0.292083 0.350926
4 0.665937 0.695093 0.168021 0.609815
4 0.328646 0.321065 0.095312 0.077870
4 0.201797 0.514259 0.056094 0.112222
