1 0.479974 0.307917 0.040052 0.087315
1 0.949193 0.647454 0.101615 0.148056
4 0.783411 0.515556 0.058802 0.113148
1 0.153099 0.051250 0.070469 0.102500
1 0.335807 0.033287 0.062552 0.066574
4 0.960260 0.104259 0.079479 0.073333
1 0.954609 0.847083 0.090781 0.272685
1 0.337370 0.099074 0.037344 0.052407
1 0.529323 0.959167 0.131354 0.081667
1 0.393047 0.228009 0.112865 0.101389
1 0.020703 0.032546 0.041406 0.065093
4 0.377214 0.391435 0.303073 0.294907
4 0.260078 0.092130 0.172760 0.184259
1 0.180365 0.964444 0.130938 0.071111
1 0.030911 0.851898 0.061823 0.257315
