1 0.601823 0.670648 0.176875 0.603519
1 0.871328 0.542407 0.046719 0.074074
1 0.060052 0.486111 0.120104 0.168333
1 0.194687 0.071111 0.080833 0.142222
1 0.186458 0.210000 0.204167 0.216296
4 0.213177 0.925509 0.103646 0.128241
1 0.402474 0.809167 0.029323 0.114074
1 0.481536 0.891481 0.142448 0.210185
4 0.468854 0.665000 0.145625 0.114259
1 0.410312 0.473750 0.227292 0.418981
1 0.323516 0.575417 0.061406 0.147130
1 0.961562 0.579537 0.076875 0.170926
1 0.956589 0.902593 0.086823 0.194815
4 0.017969 0.932269 0.035937 0.133981
1 0.113646 0.144444 0.110729 0.163148
1 0.029740 0.350694 0.059479 0.102500
