1 0.307839 0.528472 0.118698 0.201204
1 0.356667 0.779398 0.040000 0.139167
1 0.370339 0.899167 0.057240 0.179630
1 0.442109 0.948056 0.099740 0.103889
1 0.287370 0.226065 0.160990 0.231389
1 0.035286 0.246204 0.070573 0.320185
1 0.084141 0.205139 0.168281 0.410278
1 0.933281 0.812407 0.133437 0.161667
1 0.859453 0.092685 0.245781 0.185370
1 0.739896 0.282130 0.342917 0.275926
1 0.566276 0.189074 0.073385 0.112778
4 0.567005 0.113704 0.035052 0.082593
1 0.558307 0.607546 0.067344 0.115278
1 0.686146 0.606991 0.090937 0.229722
1 0.453437 0.878657 0.127500 0.139907
1 0.175234 0.268009 0.092969 0.176019
1 0.661328 0.798796 0.077865 0.166852
1 0.796250 0.810093 0.101042 0.162407
