0 0.512552 0.048056 0.061458 0.096111
1 0.111667 0.572361 0.223333 0.353981
4 0.815443 0.140787 0.192969 0.281574
1 0.300911 0.336343 0.166823 0.242500
1 0.691615 0.563843 0.036354 0.069537
1 0.039036 0.285417 0.078073 0.204722
4 0.885443 0.339907 0.058594 0.112222
1 0.965833 0.647269 0.068333 0.183056
4 0.616979 0.931759 0.104375 0.136481
4 0.859688 0.463102 0.138229 0.145278
1 0.731667 0.422824 0.101875 0.066574
4 0.271198 0.105741 0.227292 0.211481
1 0.156589 0.333935 0.203073 0.325463
1 0.031146 0.826713 0.062292 0.311944
1 0.597526 0.716481 0.047344 0.301852
