1 0.958203 0.140324 0.083594 0.259537
4 0.201484 0.174954 0.280365 0.349907
1 0.022760 0.242176 0.045521 0.147130
1 0.084245 0.311713 0.105260 0.157870
4 0.107786 0.553333 0.147760 0.368704
4 0.113906 0.624537 0.100937 0.152407
1 0.028099 0.570787 0.056198 0.333796
4 0.915391 0.364861 0.169323 0.303056
4 0.550911 0.560741 0.229323 0.529444
1 0.340964 0.878935 0.156615 0.142130
4 0.538333 0.760139 0.051042 0.128426
1 0.566432 0.834213 0.139740 0.196019
1 0.749245 0.531991 0.197031 0.337315
1 0.916016 0.545417 0.167969 0.297130
