1 0.280052 0.314907 0.162083 0.158333
1 0.374323 0.062685 0.145625 0.125370
1 0.139583 0.580648 0.279167 0.386111
1 0.647760 0.364259 0.137708 0.160556
1 0.350365 0.716250 0.234479 0.463241
4 0.816536 0.476204 0.101510 0.162593
1 0.545208 0.277037 0.104792 0.259444
4 0.793698 0.344444 0.158333 0.218148
1 0.862083 0.030324 0.075104 0.060648
4 0.383828 0.172824 0.281198 0.148241
1 0.640938 0.552083 0.143125 0.133241
1 0.641328 0.454583 0.199531 0.169907
4 0.531198 0.745602 0.215312 0.428056
1 0.486016 0.291852 0.117656 0.296481
4 0.662917 0.055000 0.164583 0.110000
