4 0.901615 0.877083 0.183542 0.243241
4 0.079063 0.072685 0.158125 0.145370
1 0.091354 0.396713 0.178958 0.270278
1 0.217474 0.859213 0.248385 0.255093
1 0.306849 0.598426 0.293385 0.472963
1 0.408047 0.409167 0.076615 0.168889
1 0.512969 0.623657 0.122917 0.207315
1 0.442708 0.386898 0.111979 0.300833
0 0.767344 0.816296 0.088854 0.190185
4 0.944766 0.593148 0.110469 0.167037
1 0.833359 0.329769 0.227760 0.205093
1 0.828490 0.246759 0.106146 0.200370
4 0.741693 0.081667 0.111198 0.163333
4 0.967604 0.152269 0.064792 0.304537
