4 0.690000 0.909907 0.081250 0.180000
1 0.425781 0.590324 0.068437 0.231019
1 0.458099 0.596343 0.106510 0.297130
1 0.754089 0.744167 0.092969 0.094630
1 0.872396 0.543333 0.099271 0.223889
1 0.971901 0.461435 0.056198 0.079722
1 0.524219 0.514444 0.062812 0.101667
1 0.521432 0.634630 0.075365 0.179630
1 0.619609 0.897500 0.088385 0.172778
1 0.356406 0.929630 0.104375 0.080556
1 0.172552 0.666574 0.050104 0.074074
4 0.263516 0.752407 0.092240 0.253148
1 0.283698 0.245880 0.117292 0.126389
1 0.135000 0.171065 0.058542 0.081574
4 0.364479 0.251481 0.435729 0.447407
4 0.175833 0.487639 0.297396 0.361019
1 0.743255 0.142407 0.228698 0.284815
