4 0.962057 0.120926 0.075885 0.135370
4 0.043542 0.122269 0.087083 0.057315
1 0.143333 0.183426 0.286667 0.366852
4 0.062995 0.584583 0.125990 0.285278
1 0.313151 0.607500 0.191094 0.341481
4 0.386120 0.300324 0.092969 0.138426
1 0.279010 0.258148 0.134583 0.273148
4 0.188646 0.286157 0.061354 0.118056
1 0.683516 0.460185 0.271302 0.241111
1 0.968438 0.249259 0.055417 0.143333
1 0.229687 0.611898 0.165521 0.108056
1 0.224740 0.436250 0.158125 0.198241
4 0.194479 0.040972 0.100625 0.081944
1 0.816641 0.304352 0.085260 0.186667
