1 0.912474 0.560833 0.175052 0.327407
1 0.171302 0.379352 0.342604 0.470926
1 0.387005 0.945880 0.055573 0.108241
4 0.917656 0.841944 0.030833 0.084444
4 0.976120 0.735880 0.047760 0.104167
1 0.950313 0.860787 0.099375 0.278426
1 0.847214 0.978611 0.109323 0.042778
1 0.292839 0.117315 0.297656 0.234630
1 0.118385 0.810926 0.202500 0.378148
1 0.207943 0.225000 0.095052 0.071296
1 0.474870 0.745417 0.149531 0.165278
1 0.098594 0.563380 0.055208 0.033056
1 0.053724 0.576944 0.035365 0.037407
4 0.792917 0.362269 0.100000 0.140833
