4 0.441120 0.671667 0.169740 0.278704
1 0.497370 0.631574 0.222969 0.349444
1 0.552708 0.384676 0.211562 0.158426
1 0.605052 0.160278 0.100000 0.320556
1 0.708307 0.016898 0.024844 0.033796
1 0.943229 0.782269 0.113542 0.228241
1 0.754089 0.039213 0.042448 0.072315
4 0.669479 0.492963 0.425521 0.537778
1 0.419219 0.373657 0.101875 0.211759
1 0.326641 0.302639 0.190260 0.386944
1 0.078620 0.347269 0.157240 0.266759
1 0.205755 0.847500 0.263698 0.305000
1 0.371615 0.768889 0.253958 0.462222
1 0.865599 0.262361 0.083490 0.149722
