4 0.113750 0.715046 0.203542 0.224907
1 0.924505 0.459769 0.150990 0.266019
1 0.909714 0.746806 0.180573 0.411944
1 0.880521 0.636296 0.166771 0.172407
1 0.730625 0.553241 0.119583 0.093148
1 0.474557 0.845602 0.161198 0.212500
1 0.764922 0.736667 0.109948 0.308333
1 0.569766 0.423796 0.119219 0.122778
1 0.087161 0.295880 0.174323 0.328796
1 0.383594 0.461759 0.053750 0.058148
1 0.135495 0.504954 0.237031 0.277500
1 0.227604 0.045602 0.133854 0.091204
1 0.171224 0.741574 0.073281 0.076481
1 0.206927 0.684583 0.047083 0.058241
1 0.444505 0.381296 0.144115 0.124444
