1 0.556615 0.188981 0.207604 0.282037
1 0.325052 0.033380 0.063333 0.066759
4 0.704089 0.175370 0.158698 0.232778
1 0.279740 0.729491 0.123854 0.237130
1 0.172682 0.734074 0.218594 0.249630
4 0.047161 0.389120 0.094323 0.301759
1 0.053958 0.560231 0.107917 0.171944
1 0.108906 0.741620 0.217812 0.375648
1 0.048516 0.307361 0.097031 0.170093
1 0.210078 0.447917 0.105469 0.098056
1 0.227578 0.549907 0.284740 0.285926
4 0.129922 0.211620 0.123281 0.282870
1 0.900417 0.817176 0.199167 0.265648
1 0.312995 0.465787 0.107552 0.172870
