1 0.564740 0.366898 0.117083 0.183056
1 0.547708 0.586389 0.187292 0.342037
1 0.540651 0.790694 0.260052 0.387870
1 0.176927 0.250000 0.088750 0.089815
1 0.095026 0.747083 0.190052 0.505833
4 0.030208 0.403241 0.060417 0.080741
1 0.117995 0.473333 0.193385 0.232407
4 0.858958 0.156852 0.117188 0.296852
4 0.968802 0.197361 0.062396 0.176204
1 0.740104 0.145880 0.150313 0.061389
1 0.925651 0.685694 0.148698 0.274537
1 0.902682 0.794444 0.169740 0.403333
4 0.973958 0.036574 0.052083 0.073148
1 0.358177 0.892176 0.210521 0.215648
