1 0.713099 0.928426 0.062448 0.069815
4 0.708151 0.870787 0.173281 0.155278
1 0.224375 0.649722 0.448750 0.607963
1 0.260833 0.440370 0.115312 0.164259
1 0.440573 0.837593 0.167292 0.293519
1 0.429167 0.671667 0.098437 0.220926
1 0.846667 0.886759 0.096458 0.226481
1 0.029557 0.913611 0.054740 0.055370
1 0.030859 0.406898 0.061719 0.189722
1 0.849922 0.590093 0.300156 0.297222
4 0.854141 0.707639 0.233385 0.234167
1 0.926146 0.409120 0.147708 0.128241
1 0.916146 0.112731 0.164896 0.157315
1 0.067839 0.824583 0.068177 0.082315
1 0.824115 0.792824 0.045937 0.056759
