1 0.781354 0.524815 0.203542 0.365926
1 0.581615 0.422870 0.271771 0.340000
1 0.524870 0.670463 0.170573 0.229444
1 0.484922 0.421759 0.086510 0.182407
1 0.967969 0.081528 0.064062 0.163056
1 0.156120 0.079583 0.163490 0.159167
4 0.953438 0.167500 0.083750 0.127222
1 0.147422 0.139028 0.113177 0.105093
4 0.119922 0.151065 0.239844 0.249537
1 0.106016 0.332315 0.104531 0.140370
1 0.175312 0.716111 0.073646 0.099815
1 0.068333 0.800000 0.081250 0.072222
4 0.437057 0.767870 0.260677 0.398704
1 0.315521 0.584722 0.205521 0.256481
