1 0.960755 0.742824 0.078490 0.175093
1 0.839141 0.306111 0.128385 0.122778
1 0.822396 0.578056 0.133125 0.086296
4 0.864036 0.500741 0.214844 0.174259
1 0.966719 0.488750 0.066562 0.099167
4 0.202604 0.759352 0.053542 0.095185
1 0.277135 0.117824 0.161667 0.235648
1 0.117969 0.356481 0.120729 0.225926
4 0.363594 0.909398 0.142292 0.181204
4 0.433281 0.144537 0.081042 0.127778
1 0.556120 0.425972 0.038281 0.045648
1 0.458646 0.440926 0.060625 0.057593
1 0.413385 0.394537 0.030729 0.038148
1 0.610182 0.636250 0.250885 0.313611
1 0.761172 0.776250 0.202552 0.366944
4 0.519115 0.245880 0.355625 0.461574
