1 0.663464 0.292870 0.043906 0.123333
1 0.202500 0.677731 0.189062 0.298796
1 0.171589 0.855139 0.139323 0.059907
1 0.287578 0.739815 0.102448 0.325556
1 0.389193 0.768657 0.128177 0.326389
1 0.246302 0.357870 0.071563 0.052407
1 0.151224 0.408102 0.091927 0.056759
1 0.153411 0.693843 0.306823 0.444537
1 0.703047 0.173194 0.057865 0.171019
1 0.832057 0.049537 0.018490 0.022963
1 0.967786 0.171296 0.064427 0.210185
1 0.607214 0.566806 0.095990 0.115833
4 0.898516 0.311991 0.085365 0.127870
4 0.949661 0.109444 0.100677 0.197963
