1 0.797031 0.432824 0.061979 0.047685
4 0.392734 0.812731 0.250260 0.301389
4 0.338802 0.491620 0.201354 0.258796
1 0.302839 0.632731 0.115469 0.070648
1 0.564271 0.728287 0.262396 0.203241
1 0.602969 0.612500 0.177500 0.282963
1 0.022396 0.485556 0.044792 0.166481
1 0.113932 0.176296 0.153073 0.352593
1 0.053646 0.688796 0.107292 0.255926
1 0.029297 0.051991 0.058594 0.103981
1 0.039766 0.274120 0.079531 0.266944
1 0.735651 0.387315 0.054740 0.191481
1 0.951120 0.297176 0.097760 0.122130
1 0.916172 0.517130 0.167656 0.208333
4 0.853516 0.440370 0.101510 0.081852
1 0.942474 0.695324 0.115052 0.225278
1 0.928750 0.886528 0.142500 0.226944
