4 0.087969 0.867407 0.175937 0.251111
1 0.925391 0.599861 0.149219 0.237130
1 0.699609 0.801806 0.054010 0.126389
1 0.526875 0.482361 0.247188 0.508611
1 0.533776 0.899120 0.081406 0.122870
1 0.484297 0.903333 0.043490 0.187963
1 0.398594 0.865370 0.161250 0.269259
0 0.451432 0.961204 0.037865 0.073333
1 0.144375 0.598148 0.045312 0.019259
4 0.148932 0.564444 0.098594 0.074074
1 0.058880 0.468796 0.117760 0.241296
1 0.161510 0.360370 0.323021 0.477778
4 0.400208 0.108611 0.026875 0.055556
4 0.132161 0.087130 0.115677 0.153519
4 0.289349 0.215602 0.098490 0.188611
1 0.890156 0.472083 0.101354 0.403796
