1 0.090729 0.131481 0.140417 0.118519
4 0.884505 0.314306 0.230990 0.301944
4 0.266354 0.607917 0.118229 0.143426
4 0.354740 0.826250 0.205208 0.289537
4 0.240937 0.097917 0.320729 0.195833
4 0.193047 0.024630 0.386094 0.049259
1 0.391250 0.228056 0.168750 0.282593
4 0.299245 0.324491 0.263281 0.342130
1 0.340365 0.566806 0.358854 0.296019
1 0.885651 0.752176 0.228698 0.495648
4 0.827083 0.506481 0.100625 0.178889
1 0.809635 0.805509 0.150104 0.388981
1 0.641484 0.189491 0.195052 0.264722
4 0.894687 0.020093 0.099271 0.040185
