1 0.271458 0.464815 0.128542 0.118333
4 0.808776 0.066389 0.125052 0.132778
4 0.948047 0.531389 0.103906 0.286852
4 0.969714 0.665093 0.060573 0.124815
1 0.574948 0.129398 0.359375 0.258796
4 0.142734 0.579259 0.285469 0.396111
1 0.086146 0.791250 0.172292 0.169907
1 0.431276 0.504167 0.082448 0.107407
1 0.338620 0.169028 0.153281 0.250093
1 0.605833 0.626620 0.111562 0.233241
1 0.644922 0.438426 0.046615 0.034444
1 0.873411 0.276435 0.066927 0.094907
4 0.946276 0.273843 0.107448 0.100093
1 0.024505 0.146528 0.049010 0.191389
1 0.048047 0.889167 0.096094 0.221667
