1 0.110703 0.287269 0.221406 0.241574
1 0.863958 0.970880 0.114479 0.058241
1 0.202656 0.839028 0.100312 0.183981
1 0.928307 0.612685 0.143385 0.496667
1 0.699349 0.670741 0.149635 0.252963
1 0.089948 0.606481 0.160938 0.156481
4 0.547214 0.085833 0.120469 0.171667
1 0.568906 0.860093 0.174583 0.244815
1 0.301641 0.223009 0.095990 0.357315
4 0.774271 0.199861 0.359375 0.399722
1 0.418568 0.010926 0.046615 0.021852
4 0.349010 0.605509 0.150313 0.334352
1 0.066745 0.143611 0.133490 0.119444
1 0.077604 0.398750 0.155208 0.286759
1 0.618411 0.582778 0.218490 0.276111
1 0.970859 0.300278 0.058281 0.265000
