1 0.507865 0.259676 0.038750 0.060648
1 0.656458 0.364815 0.072396 0.053889
1 0.592682 0.336852 0.028073 0.021852
1 0.670286 0.700046 0.134844 0.264907
1 0.237839 0.524074 0.158698 0.196481
1 0.641875 0.265787 0.121771 0.190648
1 0.784141 0.744537 0.189948 0.375370
1 0.976745 0.926204 0.046510 0.147593
1 0.017292 0.838426 0.034583 0.124259
1 0.275625 0.441481 0.161875 0.132963
1 0.088255 0.714769 0.176510 0.190833
4 0.172135 0.842731 0.100000 0.171389
4 0.233854 0.589444 0.131354 0.113704
1 0.224115 0.751713 0.173542 0.285648
