4 0.022161 0.933241 0.044323 0.101481
1 0.866068 0.544213 0.129010 0.335833
1 0.765911 0.417407 0.084323 0.177593
1 0.953646 0.801481 0.092708 0.208333
1 0.961979 0.590509 0.076042 0.190648
1 0.900391 0.500417 0.055469 0.073241
4 0.926615 0.428194 0.146771 0.243241
1 0.294401 0.498380 0.018594 0.060463
1 0.336510 0.587870 0.128750 0.128519
1 0.259974 0.644120 0.064635 0.097870
1 0.224609 0.922407 0.250885 0.155185
1 0.112474 0.590370 0.224948 0.412222
1 0.427734 0.703565 0.087552 0.154907
1 0.826536 0.802361 0.068073 0.194907
1 0.436589 0.596991 0.075781 0.133241
1 0.619583 0.827593 0.039583 0.056111
1 0.621458 0.755741 0.022292 0.057593
