1 0.316406 0.139907 0.051562 0.148704
1 0.571042 0.481204 0.175104 0.400370
1 0.389219 0.302593 0.029479 0.054630
1 0.134479 0.581944 0.053542 0.113148
1 0.286641 0.171620 0.056823 0.116759
1 0.260859 0.455648 0.123281 0.434630
1 0.240911 0.957731 0.056094 0.084537
1 0.099609 0.480880 0.031302 0.043981
1 0.185313 0.764583 0.073229 0.145463
1 0.669661 0.840417 0.037552 0.080463
1 0.950703 0.425556 0.098594 0.251481
1 0.783021 0.363750 0.227813 0.403241
1 0.568750 0.734630 0.063646 0.154444
1 0.503047 0.885509 0.094948 0.073611
