1 0.042865 0.816852 0.085729 0.152963
1 0.308125 0.120000 0.182083 0.240000
1 0.313333 0.704167 0.076563 0.273704
1 0.294661 0.093426 0.066094 0.145185
1 0.642917 0.853519 0.185208 0.292963
1 0.453880 0.804583 0.162448 0.390833
4 0.683672 0.150139 0.191198 0.300278
1 0.830286 0.850231 0.047135 0.132130
1 0.580130 0.075046 0.134219 0.150093
4 0.428281 0.034213 0.188021 0.068426
1 0.114948 0.648056 0.109792 0.361111
1 0.789479 0.191389 0.081250 0.318889
1 0.812552 0.556389 0.232188 0.411667
1 0.394141 0.095463 0.110677 0.090370
