4 0.834609 0.260185 0.091719 0.286852
1 0.943854 0.590139 0.112292 0.087315
1 0.615260 0.758796 0.124167 0.253148
1 0.877448 0.538519 0.105521 0.072037
1 0.041276 0.765046 0.082552 0.241019
1 0.197240 0.943056 0.090833 0.113889
1 0.251276 0.694028 0.140677 0.511389
1 0.061042 0.572546 0.122083 0.416389
4 0.352161 0.443102 0.354635 0.433796
1 0.645339 0.319120 0.189844 0.351019
1 0.777109 0.511574 0.051406 0.076296
1 0.836823 0.406991 0.161354 0.226389
4 0.548750 0.357870 0.271979 0.364444
1 0.967865 0.405602 0.064271 0.095833
