1 0.801667 0.926157 0.087292 0.147685
1 0.052344 0.603750 0.104688 0.338426
1 0.094635 0.850370 0.189271 0.299259
4 0.683750 0.739630 0.227813 0.520741
4 0.899010 0.921759 0.143646 0.156481
1 0.965260 0.712269 0.069479 0.288241
4 0.724688 0.388287 0.167708 0.164352
4 0.593203 0.360926 0.087969 0.113704
1 0.766172 0.249074 0.260469 0.281111
1 0.303099 0.532176 0.038385 0.033241
1 0.368750 0.538935 0.035312 0.050278
1 0.267292 0.506528 0.037396 0.043056
1 0.093724 0.116944 0.187448 0.233889
4 0.122214 0.318056 0.140990 0.204444
1 0.083776 0.432500 0.135885 0.273889
1 0.127943 0.514630 0.101094 0.247963
