1 0.254818 0.606944 0.204219 0.444815
4 0.521406 0.405926 0.144375 0.113704
1 0.976120 0.175602 0.047760 0.140093
1 0.966016 0.613287 0.067969 0.329722
1 0.885729 0.961204 0.228542 0.077593
1 0.883255 0.419722 0.114948 0.232037
0 0.841250 0.232500 0.089167 0.113333
4 0.750729 0.221157 0.062292 0.301574
1 0.655313 0.352778 0.114062 0.178889
4 0.635859 0.579028 0.225052 0.372870
1 0.279167 0.749213 0.023854 0.078426
1 0.024063 0.588102 0.048125 0.080833
4 0.022630 0.064861 0.045260 0.129722
4 0.944036 0.317361 0.112031 0.479537
4 0.509870 0.549259 0.084219 0.165370
