1 0.111250 0.794213 0.127812 0.404167
4 0.690130 0.772593 0.106510 0.253704
1 0.823750 0.719398 0.076458 0.132870
1 0.377656 0.853889 0.070729 0.200556
4 0.929349 0.713750 0.104531 0.206389
4 0.031198 0.145787 0.062396 0.291574
1 0.055208 0.324167 0.110417 0.180370
4 0.460990 0.185972 0.238437 0.371944
4 0.258724 0.253426 0.231094 0.506852
4 0.746120 0.110278 0.025260 0.076111
4 0.646536 0.132778 0.165990 0.265556
4 0.064687 0.486481 0.129375 0.373333
4 0.151380 0.352685 0.195677 0.310370
1 0.728568 0.458657 0.235365 0.200463
4 0.454479 0.954583 0.063750 0.090833
1 0.588672 0.426806 0.106094 0.158981
