4 0.689063 0.056991 0.131354 0.113981
4 0.894141 0.194213 0.211719 0.388426
4 0.075026 0.839769 0.150052 0.320463
1 0.036146 0.650463 0.072292 0.226296
1 0.375156 0.849954 0.281875 0.300093
1 0.450729 0.559676 0.238437 0.533426
1 0.405234 0.285417 0.076198 0.102500
1 0.587240 0.245139 0.186875 0.386759
1 0.681536 0.318380 0.093802 0.226389
1 0.619635 0.758981 0.136771 0.410185
4 0.823490 0.585602 0.118542 0.359537
1 0.674948 0.598009 0.208229 0.361574
1 0.992552 0.907176 0.014896 0.114907
1 0.774245 0.355556 0.098906 0.156111
1 0.850417 0.650648 0.052604 0.139815
