4 0.138307 0.248704 0.095156 0.215556
4 0.068854 0.616065 0.137708 0.167685
4 0.621797 0.301991 0.231094 0.102500
4 0.719271 0.526157 0.096458 0.258611
4 0.217682 0.454167 0.096823 0.100185
1 0.342526 0.480417 0.083385 0.094537
1 0.891224 0.724491 0.173281 0.277500
1 0.225651 0.946759 0.054323 0.076296
4 0.137865 0.840370 0.275729 0.319259
1 0.390911 0.848194 0.186719 0.234907
1 0.300729 0.414213 0.091042 0.206019
4 0.394505 0.260046 0.122760 0.349352
1 0.233802 0.601019 0.313021 0.284630
1 0.822396 0.419120 0.246667 0.379537
