1 0.109531 0.422917 0.103125 0.189352
1 0.367031 0.518519 0.066042 0.102407
4 0.929401 0.773287 0.141198 0.453426
1 0.789505 0.092685 0.130365 0.185370
1 0.052760 0.525972 0.105521 0.208981
1 0.411250 0.134491 0.177292 0.147315
1 0.820156 0.617037 0.112396 0.240185
1 0.251406 0.280972 0.230833 0.456204
4 0.672865 0.115000 0.151979 0.204259
1 0.008984 0.698148 0.017969 0.040556
4 0.091224 0.272269 0.182448 0.251944
1 0.191849 0.129259 0.383698 0.258519
1 0.285286 0.461204 0.066302 0.125185
1 0.162292 0.310648 0.060521 0.038148
