1 0.873490 0.343102 0.091771 0.259722
4 0.206120 0.130787 0.250573 0.261574
4 0.129010 0.319769 0.258021 0.381204
4 0.316172 0.531019 0.103073 0.174259
1 0.252604 0.344306 0.160729 0.253426
1 0.433516 0.126806 0.170469 0.160278
1 0.436146 0.209352 0.057604 0.090741
1 0.256615 0.785046 0.171250 0.429907
1 0.145495 0.856898 0.089427 0.286204
1 0.044245 0.132685 0.088490 0.180185
1 0.695677 0.218472 0.062083 0.060463
4 0.985990 0.037546 0.028021 0.075093
1 0.923490 0.184213 0.133646 0.213611
1 0.981068 0.544444 0.037865 0.074815
1 0.408125 0.611574 0.134375 0.238889
