1 0.975547 0.544120 0.048906 0.169167
1 0.914766 0.423009 0.153281 0.126019
1 0.492318 0.300046 0.160469 0.402870
1 0.399531 0.486667 0.165521 0.231667
1 0.600651 0.645694 0.166719 0.479167
1 0.984505 0.776204 0.030990 0.110741
4 0.065573 0.548565 0.081250 0.134722
1 0.140990 0.376574 0.143958 0.231296
1 0.065911 0.415370 0.131823 0.506667
1 0.305130 0.502407 0.193385 0.297407
1 0.584479 0.127870 0.110625 0.235370
1 0.868099 0.635463 0.263802 0.411296
4 0.887500 0.148889 0.225000 0.195370
1 0.971146 0.837778 0.057708 0.144259
1 0.328620 0.942870 0.098073 0.114259
