1 0.048620 0.611944 0.097240 0.192222
1 0.809193 0.946852 0.208594 0.106296
1 0.799792 0.803333 0.122187 0.210000
1 0.838542 0.552731 0.322917 0.358426
1 0.094010 0.746759 0.048021 0.045741
1 0.966354 0.704676 0.067292 0.186204
4 0.340391 0.764074 0.105052 0.162593
1 0.286875 0.695046 0.093438 0.097500
1 0.061953 0.765602 0.123906 0.163611
1 0.576927 0.489583 0.093438 0.135463
1 0.069401 0.446898 0.138802 0.183241
1 0.432083 0.279630 0.356250 0.288519
1 0.601068 0.698843 0.125781 0.147315
4 0.671276 0.826806 0.156094 0.266759
1 0.880625 0.839815 0.238750 0.244444
1 0.158047 0.901759 0.316094 0.196481
