0 0.566641 0.626343 0.094740 0.106759
1 0.953568 0.648657 0.092865 0.324907
1 0.017266 0.518657 0.034531 0.071019
1 0.795443 0.573565 0.061406 0.103426
1 0.195417 0.665463 0.059375 0.110000
1 0.693047 0.778519 0.282448 0.310741
1 0.434635 0.885972 0.079896 0.050648
1 0.597083 0.509306 0.122917 0.208056
1 0.011146 0.426806 0.022292 0.101019
4 0.160234 0.718009 0.320469 0.380833
1 0.134766 0.908750 0.269531 0.182315
1 0.777969 0.285880 0.130521 0.248426
4 0.167370 0.034769 0.052552 0.069537
1 0.309297 0.168472 0.326302 0.336944
4 0.442109 0.438750 0.229740 0.286019
4 0.528750 0.136157 0.392500 0.272315
1 0.255964 0.540278 0.189948 0.526296
1 0.397057 0.619259 0.135990 0.240926
