4 0.880781 0.123796 0.238437 0.247593
1 0.098750 0.240231 0.054062 0.069167
1 0.496953 0.085185 0.356198 0.170370
1 0.127578 0.660093 0.255156 0.679815
1 0.498594 0.230278 0.307917 0.239259
1 0.668385 0.215602 0.076563 0.122130
1 0.621875 0.294954 0.039271 0.109907
1 0.559219 0.359306 0.135833 0.092130
1 0.852760 0.290972 0.140938 0.258611
1 0.872135 0.705648 0.181875 0.220926
1 0.815391 0.530185 0.116198 0.108519
1 0.786849 0.407870 0.230885 0.252963
1 0.926224 0.906620 0.147552 0.186759
1 0.503672 0.737546 0.215885 0.229722
