1 0.935625 0.514213 0.042083 0.096019
1 0.568568 0.495463 0.129844 0.096111
1 0.744661 0.692176 0.088802 0.140278
4 0.700286 0.457176 0.234219 0.368611
4 0.180469 0.167407 0.050104 0.046852
4 0.392214 0.194722 0.400573 0.258704
4 0.299141 0.685787 0.104844 0.099537
1 0.131615 0.337037 0.096979 0.106667
1 0.082188 0.236898 0.046667 0.104537
1 0.080339 0.109537 0.160677 0.219074
1 0.171250 0.116250 0.068437 0.061389
4 0.938385 0.146343 0.100208 0.193796
4 0.401927 0.070417 0.257604 0.140833
1 0.967656 0.500139 0.064687 0.230093
