1 0.045312 0.314583 0.074271 0.123056
1 0.358385 0.258935 0.077187 0.070463
1 0.842266 0.255648 0.137656 0.097037
1 0.813932 0.671019 0.193906 0.657963
1 0.701250 0.480463 0.083333 0.160741
1 0.707812 0.025417 0.018229 0.050833
1 0.609792 0.094954 0.157500 0.189907
1 0.385469 0.696574 0.090521 0.140370
1 0.356328 0.553333 0.098906 0.191111
1 0.270573 0.546759 0.113333 0.216667
1 0.505000 0.730463 0.050937 0.050926
1 0.546354 0.407037 0.232188 0.334074
4 0.401458 0.377870 0.136875 0.192222
1 0.057526 0.590926 0.115052 0.377222
