1 0.980234 0.918287 0.039531 0.102315
1 0.168802 0.440324 0.146458 0.105463
4 0.817891 0.103333 0.160781 0.206667
1 0.097396 0.280417 0.153958 0.200463
1 0.214089 0.061481 0.033281 0.058333
1 0.102578 0.776574 0.205156 0.248889
1 0.111823 0.630880 0.051250 0.059907
1 0.112604 0.926759 0.081667 0.125185
1 0.233151 0.777269 0.155885 0.280648
1 0.373776 0.912546 0.217656 0.174907
1 0.388073 0.621667 0.209896 0.420370
1 0.401589 0.686944 0.168385 0.243889
1 0.880156 0.398935 0.143750 0.285463
1 0.953411 0.616944 0.093177 0.454630
1 0.716615 0.255509 0.186979 0.190833
