1 0.308047 0.506389 0.044427 0.061111
1 0.173828 0.450139 0.172135 0.401574
1 0.092812 0.752037 0.127292 0.279259
1 0.279219 0.899722 0.090937 0.149074
1 0.004922 0.337083 0.009844 0.060648
1 0.408333 0.383750 0.198021 0.217315
1 0.334609 0.343241 0.118177 0.213704
1 0.721979 0.866806 0.150521 0.175093
1 0.616927 0.815694 0.033333 0.063796
1 0.648177 0.495463 0.102604 0.161296
1 0.717813 0.451898 0.144479 0.332315
1 0.926667 0.794630 0.091354 0.089074
1 0.866354 0.106157 0.174271 0.212315
4 0.928516 0.053519 0.142969 0.107037
1 0.983776 0.354907 0.032448 0.050926
