1 0.124427 0.460417 0.115104 0.223796
0 0.013490 0.351343 0.026979 0.039352
1 0.276849 0.372454 0.267865 0.346574
1 0.234219 0.202639 0.030313 0.068056
4 0.839219 0.747500 0.112604 0.205185
1 0.891849 0.752037 0.105260 0.293148
1 0.929036 0.473333 0.141927 0.170000
1 0.980599 0.249630 0.038802 0.118519
4 0.069010 0.665741 0.138021 0.240926
4 0.196224 0.505370 0.126510 0.397963
4 0.113542 0.683333 0.057187 0.077037
4 0.140833 0.689954 0.069583 0.206944
1 0.205208 0.138657 0.262187 0.277315
1 0.026120 0.457500 0.052240 0.177407
