1 0.118516 0.291528 0.237031 0.330648
1 0.030495 0.273241 0.060990 0.154074
1 0.038203 0.457361 0.076406 0.083056
1 0.262995 0.816157 0.499740 0.367685
1 0.357214 0.071435 0.255781 0.142870
1 0.107214 0.041343 0.087552 0.082685
4 0.133229 0.521944 0.196146 0.341296
4 0.650130 0.680926 0.304219 0.427222
1 0.797604 0.785278 0.041250 0.076296
1 0.978073 0.638519 0.028750 0.045741
1 0.955599 0.548935 0.055365 0.051019
4 0.953255 0.589815 0.093490 0.159074
4 0.933516 0.440463 0.075781 0.106852
1 0.759271 0.299213 0.119688 0.071389
1 0.690781 0.429444 0.118021 0.330370
1 0.837161 0.160278 0.301823 0.214074
