1 0.097344 0.502593 0.098229 0.173519
1 0.020911 0.437593 0.041823 0.040370
4 0.278464 0.345093 0.095469 0.196667
1 0.514453 0.635694 0.123281 0.158056
1 0.753021 0.108102 0.135104 0.216204
1 0.913958 0.352963 0.145521 0.286296
1 0.199922 0.290833 0.129323 0.179630
1 0.376302 0.835417 0.053542 0.049352
1 0.486536 0.379074 0.055469 0.092593
4 0.603151 0.167222 0.145260 0.160926
0 0.929740 0.704583 0.140521 0.029167
0 0.918802 0.626019 0.162396 0.032222
4 0.702188 0.846204 0.027292 0.149074
1 0.606224 0.574306 0.274531 0.375093
1 0.448307 0.874815 0.296510 0.250370
4 0.512995 0.469769 0.072240 0.198426
