1 0.416901 0.509028 0.305469 0.395278
1 0.580365 0.174537 0.200938 0.287222
4 0.615026 0.324676 0.129115 0.101019
4 0.053125 0.539074 0.106250 0.166852
1 0.053932 0.240278 0.107865 0.133148
1 0.045964 0.697361 0.091927 0.224537
4 0.678307 0.464537 0.085885 0.196852
1 0.370234 0.768148 0.223281 0.440926
1 0.295469 0.690509 0.076771 0.127500
1 0.742630 0.573472 0.126302 0.193981
1 0.505208 0.331620 0.133437 0.121204
1 0.274323 0.047824 0.115417 0.095648
1 0.668568 0.776435 0.073802 0.201204
4 0.962969 0.203935 0.074062 0.081574
4 0.948281 0.026296 0.103438 0.052593
1 0.868594 0.823241 0.227813 0.353519
4 0.706510 0.810926 0.153646 0.378148
1 0.900729 0.669213 0.198542 0.448981
