1 0.443906 0.934537 0.063125 0.130926
1 0.508073 0.684583 0.264792 0.630278
1 0.597760 0.392824 0.194062 0.192315
1 0.050885 0.610648 0.101771 0.214630
4 0.306563 0.304444 0.327708 0.384074
4 0.954141 0.333704 0.091719 0.166111
1 0.030469 0.366667 0.060937 0.144630
1 0.241693 0.466065 0.041510 0.072870
1 0.106849 0.218472 0.076615 0.081574
1 0.170391 0.100370 0.261927 0.200741
1 0.597031 0.878241 0.071563 0.147222
1 0.583177 0.763380 0.125938 0.298056
1 0.505599 0.619630 0.055573 0.106852
1 0.488568 0.970833 0.024427 0.058333
