1 0.042135 0.802778 0.084271 0.202778
4 0.384948 0.500231 0.125833 0.356944
4 0.979688 0.342917 0.040625 0.043611
1 0.885339 0.420880 0.087552 0.101019
1 0.040651 0.231343 0.081302 0.259722
4 0.864740 0.325417 0.071563 0.101759
1 0.984219 0.807593 0.031563 0.087963
1 0.855234 0.661574 0.105052 0.130370
4 0.869141 0.512315 0.112760 0.172407
1 0.814010 0.593657 0.033958 0.057130
1 0.585990 0.671296 0.126250 0.150185
4 0.557161 0.260278 0.065469 0.168148
1 0.363672 0.911759 0.330990 0.176481
4 0.549115 0.942500 0.040000 0.115000
