1 0.571510 0.385556 0.046667 0.077593
4 0.621615 0.070093 0.069687 0.106111
1 0.682266 0.151343 0.061615 0.056759
1 0.194193 0.510417 0.106094 0.095833
1 0.634167 0.369722 0.063125 0.182593
1 0.735729 0.195787 0.093646 0.058981
1 0.842031 0.120417 0.315938 0.240833
1 0.694688 0.614259 0.043646 0.071111
4 0.635859 0.782222 0.095781 0.368333
1 0.347188 0.196991 0.131875 0.206574
1 0.385260 0.666065 0.147292 0.378241
0 0.087448 0.648333 0.174896 0.132593
1 0.093464 0.309167 0.148490 0.245185
1 0.044479 0.078472 0.088958 0.156944
