1 0.562917 0.107407 0.197500 0.214815
1 0.777969 0.259306 0.244688 0.518611
0 0.204818 0.253750 0.014740 0.066759
0 0.229740 0.204815 0.026667 0.032407
1 0.064974 0.259398 0.129948 0.235463
1 0.109505 0.392083 0.080156 0.224537
1 0.857891 0.015602 0.043490 0.031204
1 0.957057 0.950046 0.085885 0.099907
1 0.922188 0.589907 0.155625 0.286296
4 0.605781 0.661620 0.567187 0.533241
1 0.453359 0.726204 0.183698 0.116852
1 0.362240 0.573102 0.084792 0.102870
4 0.046250 0.742361 0.082917 0.193796
1 0.347786 0.515509 0.038594 0.036759
1 0.508750 0.335694 0.594271 0.420278
