4 0.879349 0.978981 0.145469 0.042037
1 0.981120 0.253657 0.037760 0.306204
1 0.953333 0.435509 0.046667 0.073611
1 0.047656 0.077315 0.095312 0.154630
1 0.529948 0.598472 0.102292 0.063426
1 0.623932 0.679398 0.062865 0.121759
1 0.690547 0.396250 0.334635 0.382870
1 0.832344 0.284028 0.117708 0.163426
4 0.414401 0.804769 0.413698 0.390463
1 0.925573 0.620787 0.068542 0.118796
4 0.914687 0.564954 0.052917 0.077315
1 0.842187 0.688611 0.038542 0.061852
4 0.867031 0.633009 0.057604 0.126574
4 0.764609 0.856944 0.123073 0.110185
4 0.892109 0.824630 0.094323 0.197593
